  1.0000000E+00   8.3564692E-02  -3.5600568E-01   1.1675493E-01   1.0749212E-01  -3.4090098E-02  -2.5966609E-02   2.8829191E-02   1.0296105E-02  -2.0569719E-01   2.0569719E-01   1.9172250E-01   1.6847299E-01   5.4157811E-03   1.0968110E-02   8.6617543E-03   7.1155546E-03   8.5221267E-01   8.5219870E-01  -9.9339444E-01  -1.0757047E-01  -6.8812281E-01  -4.7166258E-01  -3.6483533E-01  -1.8968324E-01   9.4389104E-01  -5.4238302E-01   5.9474088E-01  -6.3361247E-01   1.9172250E-01   1.9193237E-01  -2.3166933E-01  -2.7214363E-01  -4.5650159E-01   1.2573094E-01  -2.8925571E-02   2.3581037E-01   6.1574720E-03  -8.9050598E-04  -3.6581153E-02
  8.3564692E-02   1.0000000E+00   3.3424456E-01   3.1495177E-02   5.5763294E-01  -6.4769611E-02   1.4209642E-02  -6.2922876E-03   3.8130064E-01  -5.4182103E-01   5.4182104E-01   9.9403764E-01   9.5665663E-01   4.6132668E-02   3.2997845E-02   3.8987842E-02   3.2740215E-02   7.0841604E-02   7.0839628E-02  -7.8936746E-02  -6.4363011E-01   3.4341666E-01  -8.2453249E-01   3.3510113E-01  -7.5588872E-01   2.9553566E-01  -7.8133239E-01   7.9733830E-01   1.5326396E-01   9.9403765E-01   9.9344193E-01  -6.3905845E-01  -6.4703712E-01  -2.4293401E-01   6.9444733E-01  -4.9893217E-01   5.9868380E-01   4.1571235E-02   6.3507396E-02  -5.5588287E-02
 -3.5600568E-01   3.3424456E-01   1.0000000E+00   1.4970303E-01   1.0787495E-01  -1.5436656E-01  -1.7830626E-02   1.2221821E-02   7.5654111E-01   3.1637061E-01  -3.1637061E-01   2.9024126E-01   4.1484444E-01  -7.0482632E-02  -7.3355899E-02  -7.2578822E-02  -7.2589704E-02  -3.0555370E-01  -3.0554978E-01   3.5853216E-01  -7.9155064E-01   4.5600716E-01  -2.5356113E-01   9.9992515E-01  -6.7300632E-01  -2.2934358E-01  -2.0264358E-01   1.4186050E-01   8.0164310E-01   2.9024126E-01   3.0063957E-01  -8.1240865E-02  -5.0699279E-02   6.3385672E-01   7.8229276E-01  -8.0762730E-01   4.5027034E-02  -7.2037511E-02  -6.5837871E-02  -1.4304995E-02
  1.1675493E-01   3.1495177E-02   1.4970303E-01   1.0000000E+00   4.3754989E-01  -3.3216839E-01   3.8664955E-02  -1.9344467E-02  -4.0911912E-02  -2.0802404E-01   2.0802403E-01   4.3794749E-02  -7.3608994E-03   5.3791004E-02   5.1950933E-02   5.3295592E-02   5.1711874E-02   5.8281139E-02   5.8279529E-02  -1.2727046E-01  -1.6020815E-01  -5.1339876E-02  -1.0268629E-01   1.4769820E-01  -1.7773279E-01   1.0222019E-01  -1.0237776E-01   1.0874309E-01   6.0567302E-02   4.3794755E-02   4.5256990E-02   8.0658413E-03   1.2949902E-02   2.5064525E-02   1.3426163E-01  -8.8915141E-02   3.7302963E-01   5.3650082E-02   5.5529757E-02  -9.1216698E-02
  1.0749212E-01   5.5763294E-01   1.0787495E-01   4.3754989E-01   1.0000000E+00  -2.1248049E-01   2.3769039E-02   8.7445923E-03  -2.4143059E-01  -6.9899427E-01   6.9899427E-01   5.6097114E-01   4.1165854E-01   6.5270816E-02   5.8830184E-02   6.2443354E-02   5.8815598E-02   7.4023330E-02   7.4021362E-02  -1.0880659E-01  -2.5856864E-01   2.0544729E-01  -5.7212115E-01   1.0730040E-01  -4.7585562E-01   2.3331177E-01  -5.4900765E-01   4.9918828E-01   9.7524665E-03   5.6097113E-01   5.6204125E-01  -4.6531090E-01  -4.7271433E-01  -4.6952276E-01   2.3518261E-01  -1.2121979E-02   9.5535165E-01   6.3477132E-02   7.3303516E-02  -1.3085716E-01
 -3.4090098E-02  -6.4769611E-02  -1.5436656E-01  -3.3216839E-01  -2.1248049E-01   1.0000000E+00  -5.5491027E-02   7.3443837E-03  -1.3624402E-01   3.0603240E-02  -3.0603240E-02  -6.7521346E-02  -6.4454345E-02  -2.7335549E-02  -2.7573533E-02  -2.7680160E-02  -2.6855926E-02  -5.1715038E-02  -5.1716652E-02   3.9922519E-02   2.0043675E-01   5.6025519E-02   3.1865272E-02  -1.5382075E-01   1.2642973E-01  -4.5460683E-02   3.2168737E-02  -8.1372061E-02  -6.1307127E-02  -6.7521340E-02  -6.8019018E-02  -8.9517847E-02  -9.2668357E-02  -1.8316120E-01  -1.9747089E-01   2.1727560E-01  -1.1619917E-01  -2.7218180E-02  -2.6991122E-02   9.3266229E-02
 -2.5966609E-02   1.4209642E-02  -1.7830626E-02   3.8664955E-02   2.3769039E-02  -5.5491027E-02   1.0000000E+00  -4.6804585E-02  -7.7766223E-03  -5.9316234E-03   5.9316158E-03   1.1153719E-02   1.4857568E-02   1.0160585E-02   6.5263758E-03   8.3156166E-03   7.6035827E-03  -2.5840214E-02  -2.5841111E-02   3.0395059E-02   3.6982234E-02   3.2449953E-02   2.2615079E-02  -1.7337523E-02   3.9295935E-02  -2.6366604E-02   2.4560886E-02  -1.6903213E-02   1.1353819E-02   1.1153730E-02   1.0431751E-02   2.8035038E-02   2.5854654E-02   4.3381054E-03  -4.5781967E-03   3.3019517E-02  -1.5971614E-03   1.0031965E-02   1.4016324E-02  -6.7371217E-04
  2.8829191E-02  -6.2922876E-03   1.2221821E-02  -1.9344467E-02   8.7445923E-03   7.3443837E-03  -4.6804585E-02   1.0000000E+00   3.4284135E-02   2.4548159E-02  -2.4548150E-02  -3.0427364E-03   2.6724918E-03  -2.6090305E-02  -2.5256553E-02  -2.5716290E-02  -2.4922932E-02   3.2769444E-03   3.2754713E-03  -2.8657717E-02  -3.4395164E-02   3.8274650E-03  -1.9730385E-02   1.1754719E-02  -2.7595094E-02   1.7951918E-02  -1.8154645E-02   1.4281129E-02   1.2830532E-02  -3.0427395E-03  -2.0767950E-03  -1.0677111E-02  -8.5927048E-03   1.4610474E-02   2.0697792E-02  -3.7329594E-02  -1.8197164E-02  -2.5902153E-02  -2.6957064E-02   3.6413817E-02
  1.0296105E-02   3.8130064E-01   7.5654111E-01  -4.0911912E-02  -2.4143059E-01  -1.3624402E-01  -7.7766223E-03   3.4284135E-02   1.0000000E+00   3.8867218E-01  -3.8867217E-01   3.7666731E-01   5.5780133E-01  -7.4112808E-02  -7.5403425E-02  -7.5628756E-02  -7.6450718E-02  -1.8961589E-02  -1.8965150E-02   2.2707039E-03  -8.0909532E-01   1.8639355E-01  -3.3137357E-01   7.5450457E-01  -6.1351863E-01   8.3956238E-02  -3.0284191E-01   3.3296017E-01   5.2513038E-01   3.7666731E-01   3.8467057E-01  -6.1337733E-02  -4.8457754E-02   6.4200303E-01   8.6954903E-01  -9.1041783E-01  -2.5728596E-01  -7.6086084E-02  -7.0780632E-02   5.4674574E-03
 -2.0569719E-01  -5.4182103E-01   3.1637061E-01  -2.0802404E-01  -6.9899427E-01   3.0603240E-02  -5.9316234E-03   2.4548159E-02   3.8867218E-01   1.0000000E+00  -1.0000000E+00  -5.5614369E-01  -3.3561710E-01  -2.4114171E-01  -2.3085548E-01  -2.3628084E-01  -2.2906827E-01  -1.8064321E-01  -1.8064109E-01   2.0771599E-01  -1.0045209E-04  -6.4360167E-02   5.2606194E-01   3.1483182E-01   2.4825743E-01  -3.0862707E-01   5.1728140E-01  -4.8490943E-01   3.2548371E-01  -5.5614370E-01  -5.4521918E-01   5.3889600E-01   5.5638559E-01   6.5768657E-01   4.1882314E-02  -2.2136979E-01  -7.5556677E-01  -2.3735773E-01  -2.5358514E-01   7.5965774E-02
  2.0569719E-01   5.4182104E-01  -3.1637061E-01   2.0802403E-01   6.9899427E-01  -3.0603240E-02   5.9316158E-03  -2.4548150E-02  -3.8867217E-01  -1.0000000E+00   1.0000000E+00   5.5614370E-01   3.3561710E-01   2.4114171E-01   2.3085547E-01   2.3628084E-01   2.2906827E-01   1.8064322E-01   1.8064109E-01  -2.0771599E-01   1.0044991E-04   6.4360165E-02  -5.2606195E-01  -3.1483182E-01  -2.4825743E-01   3.0862707E-01  -5.1728140E-01   4.8490943E-01  -3.2548371E-01   5.5614370E-01   5.4521919E-01  -5.3889600E-01  -5.5638559E-01  -6.5768656E-01  -4.1882310E-02   2.2136979E-01   7.5556677E-01   2.3735772E-01   2.5358514E-01  -7.5965771E-02
  1.9172250E-01   9.9403764E-01   2.9024126E-01   4.3794749E-02   5.6097114E-01  -6.7521346E-02   1.1153719E-02  -3.0427364E-03   3.7666731E-01  -5.5614369E-01   5.5614370E-01   1.0000000E+00   9.6063970E-01   4.6028385E-02   3.3699514E-02   3.9346664E-02   3.3024229E-02   1.6302070E-01   1.6301722E-01  -1.8644169E-01  -6.4567780E-01   2.6293451E-01  -8.6368647E-01   2.9011875E-01  -7.6522542E-01   3.9435198E-01  -8.2887720E-01   8.5037032E-01   8.1618788E-02   1.0000000E+00   9.9943625E-01  -6.5475412E-01  -6.6704096E-01  -2.8921472E-01   6.9771449E-01  -4.9456033E-01   6.1544248E-01   4.1617013E-02   6.2450616E-02  -5.8751287E-02
  1.6847299E-01   9.5665663E-01   4.1484444E-01  -7.3608994E-03   4.1165854E-01  -6.4454345E-02   1.4857568E-02   2.6724918E-03   5.5780133E-01  -3.3561710E-01   3.3561710E-01   9.6063970E-01   1.0000000E+00   5.4624767E-03  -4.5827644E-03  -2.2052645E-04  -5.2850614E-03   1.3973039E-01   1.3972677E-01  -1.6196920E-01  -7.0825681E-01   2.6725363E-01  -8.1239650E-01   4.1416198E-01  -7.7185840E-01   3.6256390E-01  -7.7719503E-01   8.1431850E-01   1.8323689E-01   9.6063970E-01   9.6321531E-01  -5.7215141E-01  -5.8162820E-01  -1.2606363E-01   8.0751715E-01  -6.0287690E-01   4.5819397E-01   1.4640378E-03   1.9344046E-02  -4.3855265E-02
  5.4157811E-03   4.6132668E-02  -7.0482632E-02   5.3791004E-02   6.5270816E-02  -2.7335549E-02   1.0160585E-02  -2.6090305E-02  -7.4112808E-02  -2.4114171E-01   2.4114171E-01   4.6028385E-02   5.4624767E-03   1.0000000E+00   9.9520138E-01   9.9874105E-01   9.9799480E-01   4.9635102E-03   4.9635971E-03  -7.2574815E-03   5.9867793E-02  -1.8269397E-03  -1.0962105E-02  -6.8914643E-02   2.8720406E-02   7.0205278E-03  -1.1489643E-02   4.6243423E-03  -5.0559621E-02   4.6028384E-02   3.5318535E-02  -5.8861688E-02  -6.1076095E-02  -7.0850009E-02  -5.2611857E-02   8.2996163E-02   5.9534802E-02   9.9994839E-01   9.9451913E-01   1.0973108E-02
  1.0968110E-02   3.2997845E-02  -7.3355899E-02   5.1950933E-02   5.8830184E-02  -2.7573533E-02   6.5263758E-03  -2.5256553E-02  -7.5403425E-02  -2.3085548E-01   2.3085547E-01   3.3699514E-02  -4.5827644E-03   9.9520138E-01   1.0000000E+00   9.9885382E-01   9.9884711E-01   9.7081106E-03   9.7080935E-03  -1.2593837E-02   6.5423518E-02  -9.9957485E-03  -3.7365379E-03  -7.2038052E-02   3.6394454E-02   9.8820433E-03  -5.2407019E-03  -5.8746128E-04  -5.3678342E-02   3.3699513E-02   2.3831540E-02  -4.7255886E-02  -4.9498893E-02  -6.6966979E-02  -5.6561932E-02   8.6585413E-02   5.3430681E-02   9.9523521E-01   9.7956973E-01   1.1599490E-02
  8.6617543E-03   3.8987842E-02  -7.2578822E-02   5.3295592E-02   6.2443354E-02  -2.7680160E-02   8.3156166E-03  -2.5716290E-02  -7.5628756E-02  -2.3628084E-01   2.3628084E-01   3.9346664E-02  -2.2052645E-04   9.9874105E-01   9.9885382E-01   1.0000000E+00   9.9964850E-01   7.8438792E-03   7.8439146E-03  -1.0405805E-02   6.3357967E-02  -6.6072912E-03  -6.9684083E-03  -7.1143655E-02   3.3197073E-02   8.8064774E-03  -8.0715206E-03   1.8285362E-03  -5.2787680E-02   3.9346663E-02   2.9069999E-02  -5.2471557E-02  -5.4741653E-02  -6.9326377E-02  -5.5213604E-02   8.5578430E-02   5.6903311E-02   9.9874746E-01   9.8803910E-01   1.1214268E-02
  7.1155546E-03   3.2740215E-02  -7.2589704E-02   5.1711874E-02   5.8815598E-02  -2.6855926E-02   7.6035827E-03  -2.4922932E-02  -7.6450718E-02  -2.2906827E-01   2.2906827E-01   3.3024229E-02  -5.2850614E-03   9.9799480E-01   9.9884711E-01   9.9964850E-01   1.0000000E+00   6.7404861E-03   6.7405400E-03  -8.7787392E-03   6.5983199E-02  -7.6448622E-03  -2.4995490E-03  -7.1178273E-02   3.6582961E-02   6.4212721E-03  -3.7665287E-03  -2.8047802E-03  -5.2206636E-02   3.3024227E-02   2.2944177E-02  -4.9485627E-02  -5.1589360E-02  -6.7152788E-02  -5.7955453E-02   8.7268273E-02   5.2987633E-02   9.9818293E-01   9.8631243E-01   1.1487248E-02
  8.5221267E-01   7.0841604E-02  -3.0555370E-01   5.8281139E-02   7.4023330E-02  -5.1715038E-02  -2.5840214E-02   3.2769444E-03  -1.8961589E-02  -1.8064321E-01   1.8064322E-01   1.6302070E-01   1.3973039E-01   4.9635102E-03   9.7081106E-03   7.8438792E-03   6.7404861E-03   1.0000000E+00   1.0000000E+00  -8.4754517E-01  -8.0204628E-02  -8.4163759E-01  -4.2585609E-01  -3.1415472E-01  -1.6882990E-01   9.2015026E-01  -5.1858275E-01   5.9633620E-01  -7.6141700E-01   1.6302070E-01   1.6416885E-01  -2.2198620E-01  -2.6467406E-01  -4.6149117E-01   1.0051462E-01   2.0517399E-03   2.3917213E-01   5.9950521E-03  -7.7626802E-04  -2.6574411E-02
  8.5219870E-01   7.0839628E-02  -3.0554978E-01   5.8279529E-02   7.4021362E-02  -5.1716652E-02  -2.5841111E-02   3.2754713E-03  -1.8965150E-02  -1.8064109E-01   1.8064109E-01   1.6301722E-01   1.3972677E-01   4.9635971E-03   9.7080935E-03   7.8439146E-03   6.7405400E-03   1.0000000E+00   1.0000000E+00  -8.4753340E-01  -8.0201308E-02  -8.4164272E-01  -4.2584911E-01  -3.1415070E-01  -1.6882630E-01   9.2014187E-01  -5.1857644E-01   5.9633129E-01  -7.6142060E-01   1.6301722E-01   1.6416540E-01  -2.2198291E-01  -2.6467051E-01  -4.6148903E-01   1.0051095E-01   2.0546872E-03   2.3917123E-01   5.9951503E-03  -7.7608331E-04  -2.6574289E-02
 -9.9339444E-01  -7.8936746E-02   3.5853216E-01  -1.2727046E-01  -1.0880659E-01   3.9922519E-02   3.0395059E-02  -2.8657717E-02   2.2707039E-03   2.0771599E-01  -2.0771599E-01  -1.8644169E-01  -1.6196920E-01  -7.2574815E-03  -1.2593837E-02  -1.0405805E-02  -8.7787392E-03  -8.4754517E-01  -8.4753340E-01   1.0000000E+00   9.8837731E-02   7.0453735E-01   4.6052070E-01   3.6714575E-01   1.8136039E-01  -9.3607128E-01   5.3223470E-01  -5.8804983E-01   6.4572431E-01  -1.8644168E-01  -1.8658147E-01   2.2512847E-01   2.6496592E-01   4.6020621E-01  -1.1591008E-01   1.9907066E-02  -2.3899291E-01  -8.0168663E-03  -1.1567247E-03   3.8315337E-02
 -1.0757047E-01  -6.4363011E-01  -7.9155064E-01  -1.6020815E-01  -2.5856864E-01   2.0043675E-01   3.6982234E-02  -3.4395164E-02  -8.0909532E-01  -1.0045209E-04   1.0044991E-04  -6.4567780E-01  -7.0825681E-01   5.9867793E-02   6.5423518E-02   6.3357967E-02   6.5983199E-02  -8.0204628E-02  -8.0201308E-02   9.8837731E-02   1.0000000E+00  -2.4411203E-01   6.8502078E-01  -7.8881226E-01   9.3771416E-01  -2.5900213E-01   6.5060238E-01  -6.1682794E-01  -4.6978593E-01  -6.4567779E-01  -6.5340703E-01   3.9462089E-01   3.8335626E-01  -3.1725209E-01  -9.3141567E-01   9.5679583E-01  -2.6147933E-01   6.2748589E-02   5.1204483E-02   4.6394146E-02
 -6.8812281E-01   3.4341666E-01   4.5600716E-01  -5.1339876E-02   2.0544729E-01   5.6025519E-02   3.2449953E-02   3.8274650E-03   1.8639355E-01  -6.4360167E-02   6.4360165E-02   2.6293451E-01   2.6725363E-01  -1.8269397E-03  -9.9957485E-03  -6.6072912E-03  -7.6448622E-03  -8.4163759E-01  -8.4164272E-01   7.0453735E-01  -2.4411203E-01   1.0000000E+00  -5.8239384E-02   4.6321180E-01  -2.4547388E-01  -6.4399721E-01   3.9143672E-02  -2.0387599E-01   8.1819045E-01   2.6293451E-01   2.6388770E-01  -1.7217622E-01  -1.4358443E-01   2.6229841E-01   2.2710059E-01  -2.2879454E-01   8.4524584E-02  -4.5177079E-03   8.9385359E-03  -4.0013540E-03
 -4.7166258E-01  -8.2453249E-01  -2.5356113E-01  -1.0268629E-01  -5.7212115E-01   3.1865272E-02   2.2615079E-02  -1.9730385E-02  -3.3137357E-01   5.2606194E-01  -5.2606195E-01  -8.6368647E-01  -8.1239650E-01  -1.0962105E-02  -3.7365379E-03  -6.9684083E-03  -2.4995490E-03  -4.2585609E-01  -4.2584911E-01   4.6052070E-01   6.8502078E-01  -5.8239384E-02   1.0000000E+00  -2.4941088E-01   8.6236722E-01  -6.6160671E-01   9.9378112E-01  -9.2290195E-01   6.6630982E-02  -8.6368647E-01  -8.6765513E-01   8.0470068E-01   8.2244255E-01   4.3827334E-01  -6.6237074E-01   4.8791763E-01  -6.7381579E-01  -7.5189123E-03  -2.1513780E-02   6.1413635E-02
 -3.6483533E-01   3.3510113E-01   9.9992515E-01   1.4769820E-01   1.0730040E-01  -1.5382075E-01  -1.7337523E-02   1.1754719E-02   7.5450457E-01   3.1483182E-01  -3.1483182E-01   2.9011875E-01   4.1416198E-01  -6.8914643E-02  -7.2038052E-02  -7.1143655E-02  -7.1178273E-02  -3.1415472E-01  -3.1415070E-01   3.6714575E-01  -7.8881226E-01   4.6321180E-01  -2.4941088E-01   1.0000000E+00  -6.6995711E-01  -2.3805382E-01  -1.9776265E-01   1.3630124E-01   8.0598569E-01   2.9011875E-01   3.0030329E-01  -8.0678148E-02  -4.9869572E-02   6.3599188E-01   7.7929776E-01  -8.0544013E-01   4.3251159E-02  -7.0502818E-02  -6.3993267E-02  -1.4093935E-02
 -1.8968324E-01  -7.5588872E-01  -6.7300632E-01  -1.7773279E-01  -4.7585562E-01   1.2642973E-01   3.9295935E-02  -2.7595094E-02  -6.1351863E-01   2.4825743E-01  -2.4825743E-01  -7.6522542E-01  -7.7185840E-01   2.8720406E-02   3.6394454E-02   3.3197073E-02   3.6582961E-02  -1.6882990E-01  -1.6882630E-01   1.8136039E-01   9.3771416E-01  -2.4547388E-01   8.6236722E-01  -6.6995711E-01   1.0000000E+00  -3.8016786E-01   8.3195651E-01  -7.5218987E-01  -3.3473636E-01  -7.6522542E-01  -7.7204125E-01   6.3788898E-01   6.3205411E-01  -5.8378682E-03  -8.5843060E-01   8.0202551E-01  -5.1448914E-01   3.2132351E-02   1.7545962E-02   5.4435706E-02
  9.4389104E-01   2.9553566E-01  -2.2934358E-01   1.0222019E-01   2.3331177E-01  -4.5460683E-02  -2.6366604E-02   1.7951918E-02   8.3956238E-02  -3.0862707E-01   3.0862707E-01   3.9435198E-01   3.6256390E-01   7.0205278E-03   9.8820433E-03   8.8064774E-03   6.4212721E-03   9.2015026E-01   9.2014187E-01  -9.3607128E-01  -2.5900213E-01  -6.4399721E-01  -6.6160671E-01  -2.3805382E-01  -3.8016786E-01   1.0000000E+00  -7.3232891E-01   7.6617299E-01  -6.2437079E-01   3.9435198E-01   3.9613684E-01  -4.0354772E-01  -4.4724529E-01  -5.2362811E-01   2.7873738E-01  -1.3663441E-01   3.8984962E-01   6.9582772E-03   4.2020260E-03  -4.5303325E-02
 -5.4238302E-01  -7.8133239E-01  -2.0264358E-01  -1.0237776E-01  -5.4900765E-01   3.2168737E-02   2.4560886E-02  -1.8154645E-02  -3.0284191E-01   5.1728140E-01  -5.1728140E-01  -8.2887720E-01  -7.7719503E-01  -1.1489643E-02  -5.2407019E-03  -8.0715206E-03  -3.7665287E-03  -5.1858275E-01  -5.1857644E-01   5.3223470E-01   6.5060238E-01   3.9143672E-02   9.9378112E-01  -1.9776265E-01   8.3195651E-01  -7.3232891E-01   1.0000000E+00  -9.3281500E-01   1.5079563E-01  -8.2887720E-01  -8.3271894E-01   7.9148588E-01   8.1412466E-01   4.7474523E-01  -6.3030062E-01   4.5276521E-01  -6.6610919E-01  -8.3892182E-03  -2.0730364E-02   6.1322153E-02
  5.9474088E-01   7.9733830E-01   1.4186050E-01   1.0874309E-01   4.9918828E-01  -8.1372061E-02  -1.6903213E-02   1.4281129E-02   3.3296017E-01  -4.8490943E-01   4.8490943E-01   8.5037032E-01   8.1431850E-01   4.6243423E-03  -5.8746128E-04   1.8285362E-03  -2.8047802E-03   5.9633620E-01   5.9633129E-01  -5.8804983E-01  -6.1682794E-01  -2.0387599E-01  -9.2290195E-01   1.3630124E-01  -7.5218987E-01   7.6617299E-01  -9.3281500E-01   1.0000000E+00  -2.6801392E-01   8.5037032E-01   8.5480542E-01  -6.4420072E-01  -6.6612393E-01  -4.2684104E-01   6.4741139E-01  -4.5418384E-01   6.1453295E-01   1.8921500E-03   1.2539290E-02  -6.0015145E-02
 -6.3361247E-01   1.5326396E-01   8.0164310E-01   6.0567302E-02   9.7524665E-03  -6.1307127E-02   1.1353819E-02   1.2830532E-02   5.2513038E-01   3.2548371E-01  -3.2548371E-01   8.1618788E-02   1.8323689E-01  -5.0559621E-02  -5.3678342E-02  -5.2787680E-02  -5.2206636E-02  -7.6141700E-01  -7.6142060E-01   6.4572431E-01  -4.6978593E-01   8.1819045E-01   6.6630982E-02   8.0598569E-01  -3.3473636E-01  -6.2437079E-01   1.5079563E-01  -2.6801392E-01   1.0000000E+00   8.1618785E-02   8.7197504E-02   9.5318891E-02   1.3289730E-01   6.9030260E-01   4.6088250E-01  -5.3141867E-01  -1.2921650E-01  -5.1990153E-02  -4.5917461E-02   6.4861600E-04
  1.9172250E-01   9.9403765E-01   2.9024126E-01   4.3794755E-02   5.6097113E-01  -6.7521340E-02   1.1153730E-02  -3.0427395E-03   3.7666731E-01  -5.5614370E-01   5.5614370E-01   1.0000000E+00   9.6063970E-01   4.6028384E-02   3.3699513E-02   3.9346663E-02   3.3024227E-02   1.6302070E-01   1.6301722E-01  -1.8644168E-01  -6.4567779E-01   2.6293451E-01  -8.6368647E-01   2.9011875E-01  -7.6522542E-01   3.9435198E-01  -8.2887720E-01   8.5037032E-01   8.1618785E-02   1.0000000E+00   9.9943625E-01  -6.5475412E-01  -6.6704096E-01  -2.8921472E-01   6.9771449E-01  -4.9456033E-01   6.1544247E-01   4.1617012E-02   6.2450614E-02  -5.8751287E-02
  1.9193237E-01   9.9344193E-01   3.0063957E-01   4.5256990E-02   5.6204125E-01  -6.8019018E-02   1.0431751E-02  -2.0767950E-03   3.8467057E-01  -5.4521918E-01   5.4521919E-01   9.9943625E-01   9.6321531E-01   3.5318535E-02   2.3831540E-02   2.9069999E-02   2.2944177E-02   1.6416885E-01   1.6416540E-01  -1.8658147E-01  -6.5340703E-01   2.6388770E-01  -8.6765513E-01   3.0030329E-01  -7.7204125E-01   3.9613684E-01  -8.3271894E-01   8.5480542E-01   8.7197504E-02   9.9943625E-01   1.0000000E+00  -6.5226269E-01  -6.6432154E-01  -2.8513155E-01   7.0722241E-01  -5.0236968E-01   6.1694972E-01   3.1028343E-02   5.0845107E-02  -5.8987016E-02
 -2.3166933E-01  -6.3905845E-01  -8.1240865E-02   8.0658413E-03  -4.6531090E-01  -8.9517847E-02   2.8035038E-02  -1.0677111E-02  -6.1337733E-02   5.3889600E-01  -5.3889600E-01  -6.5475412E-01  -5.7215141E-01  -5.8861688E-02  -4.7255886E-02  -5.2471557E-02  -4.9485627E-02  -2.2198620E-01  -2.2198291E-01   2.2512847E-01   3.9462089E-01  -1.7217622E-01   8.0470068E-01  -8.0678148E-02   6.3788898E-01  -4.0354772E-01   7.9148588E-01  -6.4420072E-01   9.5318891E-02  -6.5475412E-01  -6.5226269E-01   1.0000000E+00   9.9709441E-01   5.6445234E-01  -3.2271375E-01   1.9948732E-01  -5.4900467E-01  -5.5059882E-02  -7.3827732E-02   1.4370146E-02
 -2.7214363E-01  -6.4703712E-01  -5.0699279E-02   1.2949902E-02  -4.7271433E-01  -9.2668357E-02   2.5854654E-02  -8.5927048E-03  -4.8457754E-02   5.5638559E-01  -5.5638559E-01  -6.6704096E-01  -5.8162820E-01  -6.1076095E-02  -4.9498893E-02  -5.4741653E-02  -5.1589360E-02  -2.6467406E-01  -2.6467051E-01   2.6496592E-01   3.8335626E-01  -1.4358443E-01   8.2244255E-01  -4.9869572E-02   6.3205411E-01  -4.4724529E-01   8.1412466E-01  -6.6612393E-01   1.3289730E-01  -6.6704096E-01  -6.6432154E-01   9.9709441E-01   1.0000000E+00   5.9662198E-01  -3.1881835E-01   1.8348605E-01  -5.6479102E-01  -5.7338963E-02  -7.5954672E-02   1.9220783E-02
 -4.5650159E-01  -2.4293401E-01   6.3385672E-01   2.5064525E-02  -4.6952276E-01  -1.8316120E-01   4.3381054E-03   1.4610474E-02   6.4200303E-01   6.5768657E-01  -6.5768656E-01  -2.8921472E-01  -1.2606363E-01  -7.0850009E-02  -6.6966979E-02  -6.9326377E-02  -6.7152788E-02  -4.6149117E-01  -4.6148903E-01   4.6020621E-01  -3.1725209E-01   2.6229841E-01   4.3827334E-01   6.3599188E-01  -5.8378682E-03  -5.2362811E-01   4.7474523E-01  -4.2684104E-01   6.9030260E-01  -2.8921472E-01  -2.8513155E-01   5.6445234E-01   5.9662198E-01   1.0000000E+00   3.3864405E-01  -5.2835193E-01  -5.9250916E-01  -7.0312444E-02  -7.5119248E-02   1.9265195E-02
  1.2573094E-01   6.9444733E-01   7.8229276E-01   1.3426163E-01   2.3518261E-01  -1.9747089E-01  -4.5781967E-03   2.0697792E-02   8.6954903E-01   4.1882314E-02  -4.1882310E-02   6.9771449E-01   8.0751715E-01  -5.2611857E-02  -5.6561932E-02  -5.5213604E-02  -5.7955453E-02   1.0051462E-01   1.0051095E-01  -1.1591008E-01  -9.3141567E-01   2.2710059E-01  -6.6237074E-01   7.7929776E-01  -8.5843060E-01   2.7873738E-01  -6.3030062E-01   6.4741139E-01   4.6088250E-01   6.9771449E-01   7.0722241E-01  -3.2271375E-01  -3.1881835E-01   3.3864405E-01   1.0000000E+00  -9.0332765E-01   2.3955286E-01  -5.5288412E-02  -4.5906107E-02  -4.9533396E-02
 -2.8925571E-02  -4.9893217E-01  -8.0762730E-01  -8.8915141E-02  -1.2121979E-02   2.1727560E-01   3.3019517E-02  -3.7329594E-02  -9.1041783E-01  -2.2136979E-01   2.2136979E-01  -4.9456033E-01  -6.0287690E-01   8.2996163E-02   8.6585413E-02   8.5578430E-02   8.7268273E-02   2.0517399E-03   2.0546872E-03   1.9907066E-02   9.5679583E-01  -2.2879454E-01   4.8791763E-01  -8.0544013E-01   8.0202551E-01  -1.3663441E-01   4.5276521E-01  -4.5418384E-01  -5.3141867E-01  -4.9456033E-01  -5.0236968E-01   1.9948732E-01   1.8348605E-01  -5.2835193E-01  -9.0332765E-01   1.0000000E+00   9.7281246E-03   8.5320293E-02   7.6761798E-02   2.3899207E-02
  2.3581037E-01   5.9868380E-01   4.5027034E-02   3.7302963E-01   9.5535165E-01  -1.1619917E-01  -1.5971614E-03  -1.8197164E-02  -2.5728596E-01  -7.5556677E-01   7.5556677E-01   6.1544248E-01   4.5819397E-01   5.9534802E-02   5.3430681E-02   5.6903311E-02   5.2987633E-02   2.3917213E-01   2.3917123E-01  -2.3899291E-01  -2.6147933E-01   8.4524584E-02  -6.7381579E-01   4.3251159E-02  -5.1448914E-01   3.8984962E-01  -6.6610919E-01   6.1453295E-01  -1.2921650E-01   6.1544247E-01   6.1694972E-01  -5.4900467E-01  -5.6479102E-01  -5.9250916E-01   2.3955286E-01   9.7281246E-03   1.0000000E+00   5.7790004E-02   6.7259745E-02  -1.1767296E-01
  6.1574720E-03   4.1571235E-02  -7.2037511E-02   5.3650082E-02   6.3477132E-02  -2.7218180E-02   1.0031965E-02  -2.5902153E-02  -7.6086084E-02  -2.3735773E-01   2.3735772E-01   4.1617013E-02   1.4640378E-03   9.9994839E-01   9.9523521E-01   9.9874746E-01   9.9818293E-01   5.9950521E-03   5.9951503E-03  -8.0168663E-03   6.2748589E-02  -4.5177079E-03  -7.5189123E-03  -7.0502818E-02   3.2132351E-02   6.9582772E-03  -8.3892182E-03   1.8921500E-03  -5.1990153E-02   4.1617012E-02   3.1028343E-02  -5.5059882E-02  -5.7338963E-02  -7.0312444E-02  -5.5288412E-02   8.5320293E-02   5.7790004E-02   1.0000000E+00   9.9427075E-01   1.1056209E-02
 -8.9050598E-04   6.3507396E-02  -6.5837871E-02   5.5529757E-02   7.3303516E-02  -2.6991122E-02   1.4016324E-02  -2.6957064E-02  -7.0780632E-02  -2.5358514E-01   2.5358514E-01   6.2450616E-02   1.9344046E-02   9.9451913E-01   9.7956973E-01   9.8803910E-01   9.8631243E-01  -7.7626802E-04  -7.7608331E-04  -1.1567247E-03   5.1204483E-02   8.9385359E-03  -2.1513780E-02  -6.3993267E-02   1.7545962E-02   4.2020260E-03  -2.0730364E-02   1.2539290E-02  -4.5917461E-02   6.2450614E-02   5.0845107E-02  -7.3827732E-02  -7.5954672E-02  -7.5119248E-02  -4.5906107E-02   7.6761798E-02   6.7259745E-02   9.9427075E-01   1.0000000E+00   1.0098957E-02
 -3.6581153E-02  -5.5588287E-02  -1.4304995E-02  -9.1216698E-02  -1.3085716E-01   9.3266229E-02  -6.7371217E-04   3.6413817E-02   5.4674574E-03   7.5965774E-02  -7.5965771E-02  -5.8751287E-02  -4.3855265E-02   1.0973108E-02   1.1599490E-02   1.1214268E-02   1.1487248E-02  -2.6574411E-02  -2.6574289E-02   3.8315337E-02   4.6394146E-02  -4.0013540E-03   6.1413635E-02  -1.4093935E-02   5.4435706E-02  -4.5303325E-02   6.1322153E-02  -6.0015145E-02   6.4861600E-04  -5.8751287E-02  -5.8987016E-02   1.4370146E-02   1.9220783E-02   1.9265195E-02  -4.9533396E-02   2.3899207E-02  -1.1767296E-01   1.1056209E-02   1.0098957E-02   1.0000000E+00
