# omegabh2 omegach2 theta binw1 pheno_eps pheno_delta alpha_JLA beta_JLA
  6.4840572E-04   4.8771024E-04  -1.4572414E-03   1.3268564E-03   6.6808397E-04  -1.7205748E-04  -4.4126740E-06   5.9141736E-05
  4.8771024E-04   5.2532888E-02   1.2314907E-02   3.2216991E-03   3.1195723E-02  -2.9424481E-03   2.1735116E-05  -1.1618830E-04
 -1.4572414E-03   1.2314907E-02   2.5840581E-02   1.0740068E-02   4.2325563E-03  -4.9184272E-03  -1.9128500E-05   1.5827971E-04
  1.3268564E-03   3.2216991E-03   1.0740068E-02   1.9918222E-01   4.7663273E-02  -2.9383632E-02   1.1516115E-04  -6.9553699E-04
  6.6808397E-04   3.1195723E-02   4.2325563E-03   4.7663273E-02   5.9574718E-02  -1.0279499E-02   3.8717367E-05   1.7195260E-04
 -1.7205748E-04  -2.9424481E-03  -4.9184272E-03  -2.9383632E-02  -1.0279499E-02   3.9286538E-02  -7.3401990E-05   1.1727770E-04
 -4.4126740E-06   2.1735116E-05  -1.9128500E-05   1.1516115E-04   3.8717367E-05  -7.3401990E-05   4.4537555E-05  -2.5164585E-05
  5.9141736E-05  -1.1618830E-04   1.5827971E-04  -6.9553699E-04   1.7195260E-04   1.1727770E-04  -2.5164585E-05   6.4904734E-03
