  1.0000000E+00  -6.0492633E-01   3.6830440E-01   3.7888097E-01   7.9255311E-02   3.4588125E-01   5.1020394E-01   4.0606708E-02   1.5571110E-02   5.2288962E-03  -9.8792529E-02   6.0036128E-02   9.6567540E-02  -9.4886220E-02  -2.0304245E-01  -2.0894769E-02   1.6669058E-02  -1.2498823E-01  -2.7074495E-02  -2.6863312E-02  -2.7614680E-02  -7.7502860E-03   5.5117119E-02   6.8899086E-02  -1.3085518E-02   4.3132657E-02   5.8473466E-03   1.0544173E-02  -1.8218820E-02  -2.5765307E-02  -2.5302456E-02  -4.2947581E-02  -9.2373687E-02  -7.5648442E-02   3.1556827E-02  -5.1714501E-02   2.0614418E-01   2.9374500E-01  -2.9374500E-01  -5.3144949E-01  -4.7867875E-03   2.9542185E-02  -3.2923270E-01  -1.6508886E-01  -1.0106878E-01  -4.5266262E-02   3.4328074E-01   3.4632078E-01  -2.3279556E-01  -9.6925867E-02   3.5714217E-01   6.4368494E-02   3.0667580E-01   4.7791644E-01   5.1020394E-01   9.9964885E-01   9.9964886E-01  -9.9993487E-01  -4.8158059E-01  -9.3680963E-01   3.4584367E-01   3.2567273E-01   3.1275082E-01   9.6124891E-01   1.9727292E-01   1.6533288E-01  -9.3607630E-01  -5.3144954E-01  -5.3144950E-01   5.8587948E-01   5.6225886E-01   4.5963449E-01   8.2321578E-01  -3.6982143E-01  -1.3932290E-01  -9.7188398E-02   1.1026058E-01  -5.7804622E-02   1.1760135E-01   2.5786052E-02   2.3939293E-02  -1.9833547E-02
 -6.0492633E-01   1.0000000E+00  -3.8538144E-01  -4.2606701E-01  -1.7236232E-01  -3.3476727E-01  -7.5941202E-01  -3.2530263E-02  -7.4873992E-03  -2.2735548E-03   4.6863117E-02   9.3693824E-04  -5.0685421E-02   4.5319659E-02   1.3659184E-01   4.7981777E-02   8.6612990E-03   3.6625039E-02   2.0250558E-02  -2.6639357E-04   1.4853438E-02   5.0699382E-03  -8.5969314E-02  -1.0077086E-01   9.0826324E-03  -8.4862592E-02  -1.2805420E-02  -7.9301430E-03   5.0957823E-03   2.5733238E-02  -4.1006273E-03   4.0519903E-02   4.9663557E-02   4.3680004E-02   1.4140092E-03   2.8255439E-02  -2.0450995E-01  -3.8056306E-01   3.8056306E-01   9.9600982E-01   1.9035541E-01   1.1996369E-01   6.0990783E-01   4.1950825E-01   3.0508317E-01   2.7286593E-01  -3.9389778E-01  -3.3552026E-01   5.4436296E-01   3.9540433E-01  -1.2858006E-01   1.0751794E-01  -1.3641131E-01  -2.4241996E-01  -7.5941202E-01  -6.0470825E-01  -6.0470642E-01   6.0497490E-01   3.0876003E-01   8.4518014E-01  -9.5633865E-01  -3.6677272E-01  -9.3869180E-01  -3.6387315E-01  -8.9994818E-01   6.8526699E-01   3.6343275E-01   9.9600983E-01   9.9600982E-01  -9.9899424E-01  -9.9781631E-01  -6.6637943E-01  -8.7835806E-01   3.9465911E-01   1.4875339E-01   2.9083960E-01  -5.1485100E-03   1.9216278E-02   2.0008582E-02  -2.2393827E-04  -5.0187285E-02   2.6254452E-02
  3.6830440E-01  -3.8538144E-01   1.0000000E+00   2.1839069E-01   6.4662019E-02   1.9398570E-01   3.8870937E-01   2.1843354E-02  -6.9844023E-03   2.9209660E-03  -3.3633040E-03   5.5329846E-03   2.3558421E-02  -1.7891859E-02  -4.4848774E-02  -1.1502179E-02  -1.0854188E-02  -2.9106179E-02  -7.1905821E-03   3.0150348E-03  -8.8684660E-03  -1.5065174E-02   3.3095518E-02   2.6787400E-02  -2.0520376E-02   1.7446671E-02  -1.2269007E-02   5.2541021E-03  -8.6631168E-03  -1.3363202E-02  -6.4975060E-03  -2.2612638E-02  -4.3708179E-02  -2.8252478E-02   4.6951736E-03  -8.3923864E-03   1.4513764E-01   2.0474982E-01  -2.0474982E-01  -3.6869349E-01  -1.2629454E-03   1.3722732E-02  -2.3839720E-01  -1.2466906E-01  -8.0777854E-02  -8.4473952E-02   2.0281101E-01   1.9445973E-01  -1.6229303E-01  -1.5423773E-01   7.8110262E-02   4.9738559E-02   1.9021081E-01   2.5735217E-01   3.8870937E-01   3.6841851E-01   3.6842293E-01  -3.6832773E-01  -3.6670157E-01  -4.1648752E-01   3.1912705E-01   9.9884867E-01   1.9195891E-01   2.9844716E-01   2.7297705E-01  -1.4054257E-01  -7.3222358E-02  -3.6869361E-01  -3.6869352E-01   4.1387708E-01   4.1109077E-01   3.6851520E-01   6.1949075E-01  -2.6718904E-01  -9.3121459E-02  -7.7677031E-02   7.1843682E-02  -2.3641314E-02   1.5030090E-02   1.8130068E-02   2.3195809E-02  -1.9112291E-02
  3.7888097E-01  -4.2606701E-01   2.1839069E-01   1.0000000E+00   1.2055582E-01   9.8261717E-01   4.6185717E-01  -1.8164345E-02   3.0366250E-03  -1.3070514E-02  -1.3192554E-01   5.2143281E-02   7.6547373E-02  -1.1515625E-01  -1.3826766E-01   9.9949697E-03   7.1580923E-02  -1.1769734E-01  -2.5199878E-02  -1.7241320E-02  -2.8049344E-02   7.8877086E-05   3.1433781E-02   4.2925246E-02   5.4040758E-05   2.7069091E-02  -3.6747814E-03  -9.2019745E-04   1.0261918E-03  -1.2654645E-02  -1.7435551E-02  -2.3847422E-02  -3.2343340E-02  -2.9633134E-02   3.2049759E-04  -7.3662301E-02   5.3948655E-02   1.2735923E-01  -1.2735923E-01  -4.1078972E-01  -1.0919793E-01   4.9085460E-01   4.1356449E-01   5.5138921E-01   6.3528356E-01   6.9933914E-01   9.9731750E-01   9.8253048E-01  -2.5096091E-01   1.7865133E-01   2.3096869E-03  -1.1691700E-01   1.2850245E-02   2.8439262E-01   4.6185717E-01   3.7873497E-01   3.7873852E-01  -3.7891659E-01  -1.5025804E-01  -4.4139794E-01   3.6321729E-01   2.0489914E-01   3.4743457E-01   2.9642900E-01   3.1734308E-01  -1.8132781E-01  -2.8403964E-01  -4.1078986E-01  -4.1079009E-01   4.2364690E-01   4.1883800E-01   2.6062479E-01   4.4734314E-01  -1.4961299E-01  -2.2047479E-02   3.3175819E-01   5.0166704E-01  -2.4786498E-01   7.0815190E-01  -8.2322234E-03   7.1093905E-03  -1.7240376E-02
  7.9255311E-02  -1.7236232E-01   6.4662019E-02   1.2055582E-01   1.0000000E+00   1.0428544E-01   1.4115296E-01   1.2847513E-02  -8.1831801E-02  -1.2603636E-01   1.6366157E-02  -6.5875264E-03   1.4323804E-02  -2.3083724E-03  -1.2270812E-02  -7.1836336E-03  -2.0570840E-02  -4.2791262E-03  -7.1278613E-04   1.8098007E-02   2.5649431E-02   1.0440172E-02   1.4886155E-02   1.3509696E-02   1.5250192E-02   1.7552639E-02   8.3571537E-03   7.8052295E-03  -6.1977946E-03  -2.5805047E-02   1.2785782E-02  -2.1335086E-02  -2.6735095E-03  -3.3805359E-04  -1.9205830E-02   1.3154617E-02  -9.2416541E-01  -8.4174413E-01   8.4174413E-01  -1.7447773E-01  -9.9206973E-01  -7.5936691E-01   1.5352210E-01  -4.0932821E-01  -4.0631505E-01  -2.3333788E-01   1.2317902E-01   1.0395984E-01  -1.0413359E-01  -5.5288913E-03  -5.0622496E-04  -1.4916448E-02   3.6870730E-02   2.8266622E-02   1.4115296E-01   7.9163578E-02   7.9155975E-02  -7.9372218E-02   7.9468748E-01  -1.2893521E-01   1.7408281E-01   6.2730713E-02   1.7142990E-01   3.3645997E-02   1.6885871E-01  -1.4099340E-01  -3.3513242E-02  -1.7447759E-01  -1.7447757E-01   1.7318144E-01   1.7388888E-01  -6.0776761E-01   2.9506007E-01   8.2042106E-01   9.4718909E-01  -8.1777696E-01  -7.8267840E-01   2.4336357E-02   9.6345254E-02  -2.3296277E-01   6.5327447E-03   5.6866961E-02
  3.4588125E-01  -3.3476727E-01   1.9398570E-01   9.8261717E-01   1.0428544E-01   1.0000000E+00   3.8963223E-01   1.2897447E-01   2.9573563E-03  -1.3718998E-02  -1.3154077E-01   6.0322570E-02   7.5778123E-02  -1.0949835E-01  -1.2295273E-01   2.5899722E-02   9.1776959E-02  -1.3190969E-01  -2.9601059E-02  -2.5680175E-02  -3.1344011E-02   5.0449768E-03   2.7282717E-02   3.3394442E-02  -1.3031391E-04   2.5271133E-02  -5.5999834E-03  -6.6119557E-04   2.4599441E-03  -8.0515997E-03  -2.2085545E-02  -2.0651759E-02  -3.1269677E-02  -2.6698367E-02   1.0093440E-02  -7.5633539E-02   3.8302285E-02   9.4782736E-02  -9.4782736E-02  -3.1736279E-01  -8.7843696E-02   5.3413446E-01   5.0403266E-01   6.3020680E-01   7.0536013E-01   7.7359467E-01   9.8294936E-01   9.9972695E-01  -6.6898030E-02   3.1397636E-01   1.2805028E-01   4.7758535E-02   1.3964200E-01   3.9015809E-01   3.8963223E-01   3.4572984E-01   3.4573489E-01  -3.4592528E-01  -1.3348840E-01  -3.7915125E-01   2.6777078E-01   1.8116410E-01   2.5196777E-01   2.8921244E-01   2.2302974E-01  -9.8452170E-02  -2.7435704E-01  -3.1736298E-01  -3.1736321E-01   3.3208242E-01   3.2659358E-01   2.0233131E-01   3.7906358E-01  -1.1853539E-01  -1.0081155E-02   3.8559502E-01   5.3163271E-01  -2.6074159E-01   7.3538509E-01  -6.1084267E-03   4.4418781E-03  -2.1314444E-02
  5.1020394E-01  -7.5941202E-01   3.8870937E-01   4.6185717E-01   1.4115296E-01   3.8963223E-01   1.0000000E+00   4.7282179E-02   7.0580389E-03   5.9284326E-03  -1.7118461E-01   8.6336347E-02   1.2629860E-01  -1.9118695E-01  -2.0660260E-01   3.9220708E-02   1.0195871E-01  -2.1154739E-01   1.1719134E-02  -1.5642723E-02  -3.1620914E-02   1.0051917E-02   1.1822514E-01   1.3834223E-01  -3.6777733E-03   1.1130233E-01   3.9894039E-03   1.4375059E-02  -1.0625790E-02  -1.9790235E-02   1.3270676E-03  -3.0527801E-02  -3.4202899E-02  -3.3304061E-02  -5.0917778E-02  -7.9673055E-02   1.5523397E-01   2.8666737E-01  -2.8666737E-01  -7.5068647E-01  -1.4248354E-01   2.2966500E-02  -3.2843992E-01  -1.6895298E-01  -7.5258207E-02  -1.7830936E-01   4.3744480E-01   3.9051870E-01  -4.5068887E-01  -6.4656500E-01  -2.0084330E-01  -2.1009533E-02   3.4109679E-01   5.0372592E-01   1.0000000E+00   5.0955311E-01   5.0955411E-01  -5.0992436E-01  -2.6605208E-01  -6.7574400E-01   7.0781358E-01   3.7337070E-01   6.8064923E-01   3.3599608E-01   6.5580978E-01  -4.7429430E-01  -3.1010576E-01  -7.5068671E-01  -7.5068677E-01   7.6098069E-01   7.5848550E-01   5.1148495E-01   7.1364190E-01  -3.0756354E-01  -1.0719047E-01  -1.2678137E-01   1.1046786E-01   1.8870403E-02  -1.5385932E-01   3.2336808E-03   4.0053583E-02  -3.1930972E-02
  4.0606708E-02  -3.2530263E-02   2.1843354E-02  -1.8164345E-02   1.2847513E-02   1.2897447E-01   4.7282179E-02   1.0000000E+00   8.3390464E-04   2.0450540E-03   4.5976860E-02   8.7941739E-04   1.2337430E-02   4.3502277E-02   1.8574804E-02   2.0102277E-02   5.1110350E-02  -2.6024378E-02  -9.0141973E-03   1.6692163E-03  -7.4666835E-03   2.8837266E-02   4.9875545E-02   2.6409698E-02   1.3116040E-03   6.5253298E-02   3.2850644E-03   8.6014751E-03   9.6758357E-03   1.5287515E-02  -1.7213109E-02  -2.5646720E-03  -1.5603615E-02  -2.7596097E-03  -3.2118998E-03  -1.1915353E-02   2.2198827E-03   6.6416284E-03  -6.6416284E-03  -3.0054577E-02  -9.8873857E-03   7.1960477E-02   7.4817279E-02   8.8650164E-02   9.7186860E-02   1.0472142E-01  -1.8954479E-02   1.2863929E-01   7.7013520E-01   4.2779761E-01   7.4293422E-01   9.3004384E-01   8.5670650E-01   7.4413372E-01   4.7282179E-02   4.0306510E-02   4.0314680E-02  -4.0630483E-02  -1.3902670E-02  -4.1490108E-02   2.3597750E-02   2.0195860E-02   2.1615375E-02   3.6517081E-02   1.7966315E-02  -3.3369071E-03  -3.4033126E-02  -3.0054858E-02  -3.0054745E-02   3.2444019E-02   3.1640821E-02   1.8550344E-02   4.0969345E-02  -1.0356351E-02   1.3878658E-03   5.4156450E-02   7.0089155E-02  -3.1989388E-02  -5.5346473E-02   6.5225733E-03   4.9488876E-02  -5.1036959E-02
  1.5571110E-02  -7.4873992E-03  -6.9844023E-03   3.0366250E-03  -8.1831801E-02   2.9573563E-03   7.0580389E-03   8.3390464E-04   1.0000000E+00  -4.3495159E-02  -4.6150826E-03   3.4916785E-03   2.0252372E-03  -5.5908027E-03  -5.7324435E-03  -2.8974109E-03  -8.5286174E-04  -3.6894481E-03  -4.7489630E-03  -7.1021826E-03   5.0291002E-03   6.7212435E-03  -4.4320369E-04   1.3894278E-02  -6.0993813E-03   6.7108884E-03  -2.3005472E-02  -8.3361123E-03  -5.8518925E-03  -6.6400414E-03   1.1421978E-02  -8.9328787E-03   6.6773941E-03   2.0700336E-03   1.6395308E-03   6.0239309E-03   8.4106498E-02   8.0178947E-02  -8.0178947E-02  -6.2204107E-03   8.1356480E-02   6.5139139E-02  -2.3434417E-02   2.9290411E-02   3.1603250E-02   1.7840600E-02   2.3071351E-03   2.7185373E-03  -8.7028949E-04  -6.9275328E-03   6.6917934E-03   1.8046540E-03   4.5090871E-03   9.6604038E-03   7.0580389E-03   1.5113788E-02   1.5111331E-02  -1.5434819E-02  -7.6219265E-02  -1.3575969E-02   3.1838740E-03  -8.0492760E-03   4.4031723E-03   1.5542024E-02   7.9133566E-04   4.8370607E-03  -1.8294305E-02  -6.2201727E-03  -6.2202513E-03   6.8468469E-03   6.3885721E-03   6.6358958E-02  -4.2770057E-03  -7.9440437E-02  -8.4470000E-02   6.5947695E-02   6.9713512E-02  -8.5190034E-03  -9.6214726E-03   2.0024732E-02   1.2570217E-02  -1.1900489E-02
  5.2288962E-03  -2.2735548E-03   2.9209660E-03  -1.3070514E-02  -1.2603636E-01  -1.3718998E-02   5.9284326E-03   2.0450540E-03  -4.3495159E-02   1.0000000E+00  -4.3560441E-03  -6.8308608E-03   6.6888572E-03  -8.8556902E-03  -1.4290964E-02  -1.0582045E-02  -2.4343535E-03   7.0085429E-03  -1.5442517E-03   6.0220454E-03  -3.4652238E-03  -2.9160822E-03   5.9133310E-03   1.0353242E-02   1.3475408E-03   3.9876477E-03  -1.3386667E-03  -1.2054100E-02  -1.1875111E-02   6.2012300E-03   8.1944483E-03   7.4218378E-03   1.1600808E-02   6.2777268E-03  -7.9719948E-03  -7.5315080E-03   1.2617071E-01   1.1898503E-01  -1.1898503E-01  -1.8327651E-03   1.2516199E-01   9.1058263E-02  -4.1429508E-02   3.6111243E-02   3.8213401E-02   1.3740816E-02  -1.5182892E-02  -1.3244032E-02  -1.2168298E-03  -1.8525473E-02  -1.6721680E-03   6.8469978E-05   2.3129382E-03   4.9766010E-03   5.9284326E-03   5.1151043E-03   5.1174501E-03  -5.1485018E-03  -1.1191668E-01  -4.3956458E-03   7.1056955E-04   2.5357950E-03   3.8869826E-04   5.0954514E-03  -8.0048035E-05   2.0035641E-03  -4.8929894E-03  -1.8328061E-03  -1.8325294E-03   2.1133731E-03   1.9793152E-03   9.6217022E-02  -1.6116574E-02  -1.1712630E-01  -1.2742460E-01   9.5085525E-02   9.7667600E-02   3.5798132E-03  -1.8118070E-02   7.4487067E-02   1.4956226E-02  -2.3756537E-03
 -9.8792529E-02   4.6863117E-02  -3.3633040E-03  -1.3192554E-01   1.6366157E-02  -1.3154077E-01  -1.7118461E-01   4.5976860E-02  -4.6150826E-03  -4.3560441E-03   1.0000000E+00  -2.7985014E-01  -1.2914799E-01   2.2385769E-01  -1.2323726E-02  -3.4253880E-01  -8.4481807E-01   1.9115149E-02   2.8318518E-03   1.7053142E-02  -6.9441159E-02  -3.8059134E-01  -6.4738664E-03  -1.3845573E-02   7.9603363E-03  -3.1959745E-03  -9.2736788E-04  -4.6990774E-03  -6.7040650E-03  -5.4407249E-04   9.8922704E-03  -2.5846311E-03  -1.1037300E-02  -9.8789408E-03  -6.2785049E-02   4.5798463E-01  -3.8360853E-02  -4.2918283E-02   4.2918283E-02   3.8780657E-02  -2.2877700E-02  -1.0015775E-01  -6.2651224E-02  -1.0029023E-01  -1.1068889E-01  -7.7203457E-02  -1.2918722E-01  -1.3187670E-01   2.3212297E-02   7.7723687E-02   5.5907607E-02  -2.3662912E-02  -9.3732247E-02  -1.4814746E-01  -1.7118461E-01  -9.8970114E-02  -9.8969479E-02   9.8796485E-02   5.8680989E-02   8.6853941E-02  -1.9046755E-02   1.6894971E-03  -1.9939062E-02  -9.9453534E-02  -3.6873735E-03  -3.2291405E-02   1.0462870E-01   3.8781171E-02   3.8781271E-02  -4.3745228E-02  -4.1046056E-02  -4.9672243E-02  -6.1436628E-02   4.9181793E-02   3.2980344E-02  -7.9756093E-02  -1.0141510E-01  -1.7777937E-02  -3.9817459E-02  -8.8963092E-03   4.0334610E-02  -3.1373583E-02
  6.0036128E-02   9.3693824E-04   5.5329846E-03   5.2143281E-02  -6.5875264E-03   6.0322570E-02   8.6336347E-02   8.7941739E-04   3.4916785E-03  -6.8308608E-03  -2.7985014E-01   1.0000000E+00  -1.3976027E-01  -6.5868234E-02   4.7016574E-01   6.7441805E-01   2.6180977E-01   1.0342923E-01  -1.4639432E-02   1.2859261E-02   7.8076732E-02   5.3844674E-02   9.7514623E-03   2.2366902E-02   6.4563884E-03  -3.2737195E-03   1.7557066E-03   7.1631224E-03  -4.7217711E-03   3.4198311E-03  -2.8118368E-02   5.0657411E-03   4.7009846E-03  -1.8697759E-03   2.5407054E-02  -4.3672591E-02   1.1613284E-02   8.4432023E-03  -8.4432023E-03   7.7253035E-03   1.4501337E-02   5.0893292E-02   4.7880400E-02   5.9842069E-02   6.1845174E-02   4.0822652E-02   5.0239766E-02   6.0789897E-02   3.4215975E-02  -2.6130957E-02  -4.2693482E-03   5.9108849E-02   9.6084094E-02   1.2010083E-01   8.6336347E-02   5.9822614E-02   5.9829879E-02  -5.9913327E-02  -2.9477235E-02  -3.9802707E-02  -2.3022949E-02   2.4500644E-03  -2.4163398E-02   7.0768419E-02  -3.3927542E-02   5.5883128E-02  -6.9725457E-02   7.7251712E-03   7.7253202E-03  -2.7359356E-03  -4.9613908E-03   6.9488208E-03   2.4130028E-02  -1.4835716E-02  -8.3148247E-03   4.3663457E-02   4.8570450E-02   3.4840037E-02   1.5010848E-02   4.1656942E-03  -4.6274589E-02   4.0523721E-02
  9.6567540E-02  -5.0685421E-02   2.3558421E-02   7.6547373E-02   1.4323804E-02   7.5778123E-02   1.2629860E-01   1.2337430E-02   2.0252372E-03   6.6888572E-03  -1.2914799E-01  -1.3976027E-01   1.0000000E+00  -5.3715716E-01  -2.5333348E-01   3.8559152E-01   2.9872807E-01  -5.3613256E-01  -4.7000663E-02   1.0732543E-02   2.8663952E-01   1.4117509E-01  -3.5893626E-03   8.9168384E-03  -7.5051321E-03   1.6256994E-02  -3.2941386E-03  -3.7506284E-03   2.4654885E-02  -9.8780218E-03  -4.1744092E-03  -1.2305689E-02  -9.8161539E-03  -6.7832778E-03   1.2358071E-01  -1.3754170E-01   1.0078554E-02   1.7605289E-02  -1.7605289E-02  -4.3096739E-02  -6.9395736E-03   3.3912369E-02   1.7612581E-02   3.1975862E-02   3.9446522E-02   2.1835849E-02   7.4214622E-02   7.5723874E-02  -1.6285307E-02  -6.0200618E-02  -1.7630730E-02   2.7765360E-02   8.1195273E-02   1.1484790E-01   1.2629860E-01   9.6912558E-02   9.6908033E-02  -9.6676113E-02  -3.6485708E-02  -8.7207851E-02   2.4219518E-02   1.9017845E-02   2.2433321E-02   9.5775488E-02   9.4280083E-03   2.5695264E-02  -9.5825220E-02  -4.3096723E-02  -4.3097049E-02   4.8137828E-02   4.5679986E-02   3.1796358E-02   7.2430406E-02  -2.4733529E-02  -4.0210563E-03   1.7879969E-02   3.7568811E-02  -1.5769510E-01  -2.6448334E-04  -1.6400402E-03   8.9981929E-02  -1.6092971E-01
 -9.4886220E-02   4.5319659E-02  -1.7891859E-02  -1.1515625E-01  -2.3083724E-03  -1.0949835E-01  -1.9118695E-01   4.3502277E-02  -5.5908027E-03  -8.8556902E-03   2.2385769E-01  -6.5868234E-02  -5.3715716E-01   1.0000000E+00   2.9476219E-01  -2.1702087E-01  -2.1874627E-01   1.6997601E-01  -7.4805191E-02   4.9066917E-02  -1.1571246E-01  -8.7233496E-02   7.5659541E-04  -1.7874856E-02   1.3768797E-02  -1.3325018E-02   2.1175311E-03  -3.1805779E-03  -1.1847909E-02   2.4664694E-03  -1.2262634E-03   4.7748776E-03   1.5288068E-03   5.5541569E-03   2.8765866E-01   9.4943717E-02  -1.9853776E-02  -2.5470761E-02   2.5470761E-02   3.7576883E-02  -4.9592031E-03  -7.2339143E-02  -5.2249607E-02  -7.6369529E-02  -8.5357162E-02  -4.5394573E-02  -1.1313854E-01  -1.0961006E-01   4.7994743E-02   1.2267979E-01   9.6020771E-02  -2.0350480E-03  -8.4258311E-02  -1.3894214E-01  -1.9118695E-01  -9.5316984E-02  -9.5311394E-02   9.4917018E-02   4.3950869E-02   8.3642319E-02  -1.8592849E-02  -1.3285369E-02  -1.7400442E-02  -9.5345084E-02  -3.8551512E-03  -3.0683456E-02   9.6541787E-02   3.7577036E-02   3.7577247E-02  -4.2753845E-02  -4.0221651E-02  -3.5994162E-02  -6.5416585E-02   3.2339553E-02   1.4119285E-02  -5.3419638E-02  -7.3642020E-02   1.6384455E-01   4.5765744E-04   1.7174253E-03  -1.6152696E-01   1.6726422E-01
 -2.0304245E-01   1.3659184E-01  -4.4848774E-02  -1.3826766E-01  -1.2270812E-02  -1.2295273E-01  -2.0660260E-01   1.8574804E-02  -5.7324435E-03  -1.4290964E-02  -1.2323726E-02   4.7016574E-01  -2.5333348E-01   2.9476219E-01   1.0000000E+00   5.8460049E-01   2.2179146E-01  -2.4575835E-01  -2.6078069E-02  -7.6650057E-02   1.0810838E-01   6.5484819E-02  -6.9760887E-03  -2.0791106E-02   3.6795878E-03  -2.3384923E-02   2.2980730E-03   9.1149030E-04  -4.9206474E-03   1.4752908E-02  -1.7559885E-03   9.3645016E-03   1.7050202E-02   2.3575441E-02   1.8316803E-02   1.2502404E-02  -4.7707728E-02  -6.8117493E-02   6.8117493E-02   1.2255108E-01   8.8846669E-04  -4.8473438E-02   2.7722345E-02  -1.6095848E-02  -3.3581588E-02  -1.6268521E-02  -1.3200571E-01  -1.2283646E-01   1.0196929E-01   1.1429638E-01   3.4365249E-02   2.5114792E-02  -6.6589422E-02  -1.3056885E-01  -2.0660260E-01  -2.0298462E-01  -2.0297127E-01   2.0305700E-01   9.5899019E-02   1.9625713E-01  -8.6478388E-02  -3.5812043E-02  -8.4522141E-02  -1.9004678E-01  -5.7073945E-02  -1.6525501E-02   1.9464463E-01   1.2255110E-01   1.2255131E-01  -1.3170018E-01  -1.2708182E-01  -1.0217152E-01  -1.6507154E-01   8.0838568E-02   3.4902973E-02  -1.5843529E-02  -6.3282728E-02   6.3998595E-02  -7.6788827E-03  -1.7365708E-03  -1.5308494E-01   6.2711495E-02
 -2.0894769E-02   4.7981777E-02  -1.1502179E-02   9.9949697E-03  -7.1836336E-03   2.5899722E-02   3.9220708E-02   2.0102277E-02  -2.8974109E-03  -1.0582045E-02  -3.4253880E-01   6.7441805E-01   3.8559152E-01  -2.1702087E-01   5.8460049E-01   1.0000000E+00   6.1602804E-01  -4.7336971E-01  -4.8486620E-02  -2.4488275E-02   1.0309958E-01   7.1815321E-02   1.6566199E-03   5.1180222E-03  -1.5744816E-04  -4.9231768E-03   1.5607022E-03   6.6720480E-03   1.8995239E-03   2.3870741E-03  -1.8852105E-02   3.4477347E-03   9.5919351E-03   1.3931560E-02   9.8797236E-02  -1.7982180E-01  -9.4108555E-03  -1.8913827E-02   1.8913827E-02   4.8701592E-02   9.7998484E-03   3.8986290E-02   6.7833887E-02   6.3275380E-02   5.9864825E-02   3.6990275E-02   1.1694072E-02   2.6023271E-02   8.1257425E-02  -2.0379444E-03  -1.0202484E-03   8.7701240E-02   9.9623829E-02   1.0169171E-01   3.9220708E-02  -2.0725229E-02  -2.0716185E-02   2.0882631E-02   1.1337013E-02   3.5020153E-02  -4.8859169E-02  -1.1079535E-02  -4.9016610E-02  -7.4045957E-03  -4.7675809E-02   4.0292909E-02   9.6483494E-03   4.8701426E-02   4.8701223E-02  -4.7960675E-02  -4.8181816E-02  -3.1697009E-02  -3.7477093E-02   1.8133965E-02   7.6911533E-03   4.2127891E-02   3.0664679E-02  -3.9073236E-02  -3.7892624E-03   2.7480575E-03  -7.1297523E-02  -4.1118113E-02
  1.6669058E-02   8.6612990E-03  -1.0854188E-02   7.1580923E-02  -2.0570840E-02   9.1776959E-02   1.0195871E-01   5.1110350E-02  -8.5286174E-04  -2.4343535E-03  -8.4481807E-01   2.6180977E-01   2.9872807E-01  -2.1874627E-01   2.2179146E-01   6.1602804E-01   1.0000000E+00  -3.6627251E-01  -2.8307948E-02  -2.8764613E-02  -2.7083970E-02   1.7846492E-01   4.0587065E-03   2.6969674E-03  -9.3237177E-03   1.9937511E-03   1.1117453E-04   8.0616630E-03   5.3309758E-03   4.6590135E-03  -7.8712898E-03   4.7386926E-03   1.0331211E-02   1.7879790E-02   9.4797776E-02  -4.8449285E-01   1.8450061E-02   1.4773239E-02  -1.4773239E-02   1.1082544E-02   2.2784063E-02   8.7911692E-02   8.3197864E-02   1.0381139E-01   1.0759079E-01   7.7127494E-02   7.2449076E-02   9.1771031E-02   9.3735884E-02  -3.3498083E-03   1.9740012E-02   1.2704734E-01   1.5708255E-01   1.7494257E-01   1.0195871E-01   1.7069780E-02   1.7075018E-02  -1.6791091E-02  -1.9973600E-02  -7.4744730E-03  -1.6303665E-02  -1.2233416E-02  -1.5173614E-02   2.2733148E-02  -1.9801586E-02   2.6043309E-02  -2.5104456E-02   1.1082014E-02   1.1081614E-02  -9.7584133E-03  -1.0576266E-02   7.9007347E-03  -4.6661671E-03  -1.6025411E-02  -1.8156354E-02   7.9608647E-02   8.2557629E-02  -1.0073526E-02   1.7354526E-02   1.0586837E-02  -7.6169825E-02  -4.5059798E-03
 -1.2498823E-01   3.6625039E-02  -2.9106179E-02  -1.1769734E-01  -4.2791262E-03  -1.3190969E-01  -2.1154739E-01  -2.6024378E-02  -3.6894481E-03   7.0085429E-03   1.9115149E-02   1.0342923E-01  -5.3613256E-01   1.6997601E-01  -2.4575835E-01  -4.7336971E-01  -3.6627251E-01   1.0000000E+00   3.8477156E-02  -9.0421241E-03  -1.6936705E-01  -7.3430340E-02  -2.3054926E-02  -1.3988560E-02   6.9632373E-03  -1.7079912E-02   9.0189589E-03  -8.3249402E-04   1.6109125E-03  -1.8468749E-03   1.6076259E-03   2.0946630E-03   3.5998669E-03  -8.8514892E-03  -7.4752663E-02   5.3968273E-02  -1.8553618E-02  -2.1472275E-02   2.1472275E-02   2.4954086E-02  -8.6856025E-03  -8.8876200E-02  -7.6149185E-02  -1.0048688E-01  -1.0897089E-01  -6.4916344E-02  -1.1667630E-01  -1.3142299E-01  -5.5186762E-02   7.9967389E-02   9.6381392E-03  -1.2621635E-01  -2.1025366E-01  -2.5829663E-01  -2.1154739E-01  -1.2520494E-01  -1.2520846E-01   1.2496080E-01   5.4995335E-02   1.0002810E-01   2.8128504E-03  -2.3160497E-02   6.1099445E-03  -1.3414473E-01   2.3504033E-02  -6.9005220E-02   1.3137380E-01   2.4954147E-02   2.4954313E-02  -3.3102983E-02  -2.9331905E-02  -3.0532054E-02  -7.6222870E-02   3.2511148E-02   1.1062208E-02  -6.8027683E-02  -8.8256990E-02   6.9118488E-02   7.7156320E-03  -1.3315470E-02   1.0700996E-01   7.3066805E-02
 -2.7074495E-02   2.0250558E-02  -7.1905821E-03  -2.5199878E-02  -7.1278613E-04  -2.9601059E-02   1.1719134E-02  -9.0141973E-03  -4.7489630E-03  -1.5442517E-03   2.8318518E-03  -1.4639432E-02  -4.7000663E-02  -7.4805191E-02  -2.6078069E-02  -4.8486620E-02  -2.8307948E-02   3.8477156E-02   1.0000000E+00   1.2379883E-01   2.4702053E-02   2.1230877E-02  -2.7431375E-03  -3.3291348E-03   2.0936058E-03   4.3570189E-03   1.5128773E-03  -6.7663450E-03  -3.8075139E-03  -6.0045466E-04   1.5039388E-02  -1.0693129E-02   1.3859287E-02   1.1715465E-02   2.0341461E-01   6.5347254E-03  -8.3413396E-03  -1.0794400E-02   1.0794400E-02   1.8508304E-02  -9.8652232E-04  -1.3101376E-02  -1.1992384E-03  -9.1494196E-03  -1.2144007E-02  -2.4835391E-02  -2.4907971E-02  -2.9494658E-02  -1.8925288E-02  -4.6962079E-02  -5.4578895E-02  -2.3867409E-02  -1.5184542E-02  -1.6755053E-02   1.1719134E-02  -2.6783600E-02  -2.6778846E-02   2.7003222E-02   1.4032067E-02   2.6986003E-02  -1.3885839E-02  -5.8832834E-03  -1.3555480E-02  -2.4606412E-02  -1.0089418E-02   2.8965262E-04   2.5104834E-02   1.8508285E-02   1.8508226E-02  -1.9552698E-02  -1.8988591E-02  -1.5985577E-02  -2.2780109E-02   1.2591136E-02   6.3399612E-03  -7.6638472E-03  -1.4999992E-02   1.0160173E-02  -3.6064496E-02  -1.1220839E-02   9.3928629E-03  -1.6419216E-03
 -2.6863312E-02  -2.6639357E-04   3.0150348E-03  -1.7241320E-02   1.8098007E-02  -2.5680175E-02  -1.5642723E-02   1.6692163E-03  -7.1021826E-03   6.0220454E-03   1.7053142E-02   1.2859261E-02   1.0732543E-02   4.9066917E-02  -7.6650057E-02  -2.4488275E-02  -2.8764613E-02  -9.0421241E-03   1.2379883E-01   1.0000000E+00   3.4052420E-01   1.2441157E-01  -7.4036965E-03  -5.1290238E-03   1.1822337E-02  -7.0270764E-03   4.4609775E-03  -9.1665412E-03  -3.6514351E-03  -3.6563040E-03  -1.7879369E-02   6.4163865E-03   1.5741426E-02   1.1872044E-02  -2.0944945E-01  -7.4202085E-02  -1.9184391E-02  -1.7777678E-02   1.7777678E-02  -3.2937394E-03  -2.0642165E-02  -3.2124917E-02  -1.5152050E-02  -2.9468894E-02  -3.0517413E-02  -2.6110312E-02  -1.6557737E-02  -2.5743751E-02  -4.1197326E-02  -2.1575525E-02  -3.8030739E-02  -5.0875624E-02  -5.5131059E-02  -5.9237222E-02  -1.5642723E-02  -2.7166619E-02  -2.7167941E-02   2.6963494E-02   2.4389736E-02   1.7985475E-02   1.0157450E-02   4.6783402E-03   9.8648639E-03  -3.1423361E-02   1.5023810E-02  -2.4942117E-02   3.2912082E-02  -3.2939509E-03  -3.2937757E-03   1.3818969E-03   2.3846109E-03  -1.2964083E-02  -5.9724458E-03   1.9307255E-02   1.8380902E-02  -2.9901970E-02  -3.1813033E-02  -5.4695775E-03  -1.9338034E-02  -7.1759660E-03  -8.7778911E-03  -1.2018365E-02
 -2.7614680E-02   1.4853438E-02  -8.8684660E-03  -2.8049344E-02   2.5649431E-02  -3.1344011E-02  -3.1620914E-02  -7.4666835E-03   5.0291002E-03  -3.4652238E-03  -6.9441159E-02   7.8076732E-02   2.8663952E-01  -1.1571246E-01   1.0810838E-01   1.0309958E-01  -2.7083970E-02  -1.6936705E-01   2.4702053E-02   3.4052420E-01   1.0000000E+00   8.3763501E-01  -1.6895739E-03   3.9722061E-03   5.8992363E-03   1.2059272E-04   6.8163283E-04  -1.4924851E-02   9.5288326E-03  -7.4971006E-03  -2.0254715E-02  -6.4381042E-03   5.0508419E-03   4.3272091E-03  -1.0430754E-02   4.2029315E-01  -3.2598138E-02  -3.2926181E-02   3.2926181E-02   1.2705875E-02  -2.7517054E-02  -3.9749311E-02  -4.9122955E-03  -2.8634074E-02  -3.1845755E-02  -2.4187317E-02  -2.7341361E-02  -3.1441874E-02  -1.2645426E-02   1.5464508E-04  -1.4825014E-02  -2.5864605E-02  -3.6437372E-02  -4.5687308E-02  -3.1620914E-02  -2.7742172E-02  -2.7748159E-02   2.7645633E-02   3.6598297E-02   2.5093327E-02  -7.3754811E-03  -7.5074743E-03  -6.5937911E-03  -2.7032955E-02  -3.1813574E-03  -6.8591763E-03   2.6745545E-02   1.2706031E-02   1.2706746E-02  -1.4279957E-02  -1.3583462E-02  -3.1799563E-02  -1.6740077E-02   3.4518467E-02   3.1100816E-02  -3.4906054E-02  -4.1757576E-02  -4.0780998E-02  -1.1075507E-02  -9.5853213E-03   1.2777809E-02  -4.5293814E-02
 -7.7502860E-03   5.0699382E-03  -1.5065174E-02   7.8877086E-05   1.0440172E-02   5.0449768E-03   1.0051917E-02   2.8837266E-02   6.7212435E-03  -2.9160822E-03  -3.8059134E-01   5.3844674E-02   1.4117509E-01  -8.7233496E-02   6.5484819E-02   7.1815321E-02   1.7846492E-01  -7.3430340E-02   2.1230877E-02   1.2441157E-01   8.3763501E-01   1.0000000E+00   3.4418278E-03   8.4344808E-03   3.1545363E-03   2.9888860E-03   6.7770542E-04  -1.0745710E-02   5.2377533E-03  -5.2443489E-03  -1.5753156E-02   7.4783957E-04   7.4082366E-03   5.1386767E-03   9.6782100E-03   4.2305295E-01  -1.3462467E-02  -1.3665778E-02   1.3665778E-02   4.5246253E-03  -1.1656960E-02  -2.9912423E-03   1.3436221E-02   5.5573646E-03   5.1974762E-03   2.5750126E-03   1.8559605E-04   5.0389586E-03   2.5921222E-02   4.1027711E-03   1.0461395E-02   3.1126715E-02   3.2095209E-02   2.9048555E-02   1.0051917E-02  -7.9376638E-03  -7.9438700E-03   7.8068484E-03   1.6344291E-02   7.5115403E-03  -3.0671793E-03  -1.4961827E-02  -1.1074255E-03  -7.2283891E-03  -1.9340846E-03  -8.8558767E-04   4.0090138E-03   4.5246560E-03   4.5252694E-03  -5.2727229E-03  -5.1424066E-03  -1.3726037E-02  -8.3542340E-03   1.4641730E-02   1.2799596E-02  -2.8298304E-03  -4.8123510E-03  -1.9897810E-02  -4.9605504E-03  -3.3138624E-03   1.2236463E-02  -2.1955203E-02
  5.5117119E-02  -8.5969314E-02   3.3095518E-02   3.1433781E-02   1.4886155E-02   2.7282717E-02   1.1822514E-01   4.9875545E-02  -4.4320369E-04   5.9133310E-03  -6.4738664E-03   9.7514623E-03  -3.5893626E-03   7.5659541E-04  -6.9760887E-03   1.6566199E-03   4.0587065E-03  -2.3054926E-02  -2.7431375E-03  -7.4036965E-03  -1.6895739E-03   3.4418278E-03   1.0000000E+00   3.0401107E-01   1.0553245E-02   7.4427907E-02   4.6160758E-03  -4.0006769E-03  -1.2558424E-02  -1.5207131E-02   1.2481079E-02  -3.3288953E-03   4.0738057E-03   6.6602059E-03  -4.5131163E-03  -1.2741056E-02   1.7863606E-02   3.2552913E-02  -3.2552913E-02  -8.5277372E-02  -1.5958084E-02  -7.4922877E-03  -4.9427514E-02  -3.2587386E-02  -2.2656560E-02  -3.8114265E-02   2.9232802E-02   2.7043777E-02  -2.6680560E-02  -7.7000555E-02  -4.3596289E-03   2.9626598E-02   7.0652991E-02   8.0770159E-02   1.1822514E-01   5.4939939E-02   5.4945004E-02  -5.5149285E-02  -2.7391056E-02  -7.4768402E-02   8.1086549E-02   3.1196106E-02   7.9576832E-02   3.4997409E-02   7.5673585E-02  -5.6071098E-02  -3.4961181E-02  -8.5277655E-02  -8.5277657E-02   8.5771505E-02   8.5557141E-02   5.7166443E-02   7.6238571E-02  -3.4115105E-02  -1.2761849E-02  -2.2498505E-02   3.0711964E-03  -2.2481751E-01  -4.9132187E-02  -3.7322429E-04   2.9968784E-01  -2.4564445E-01
  6.8899086E-02  -1.0077086E-01   2.6787400E-02   4.2925246E-02   1.3509696E-02   3.3394442E-02   1.3834223E-01   2.6409698E-02   1.3894278E-02   1.0353242E-02  -1.3845573E-02   2.2366902E-02   8.9168384E-03  -1.7874856E-02  -2.0791106E-02   5.1180222E-03   2.6969674E-03  -1.3988560E-02  -3.3291348E-03  -5.1290238E-03   3.9722061E-03   8.4344808E-03   3.0401107E-01   1.0000000E+00   1.7789148E-02   3.6174821E-01   1.5886852E-03   8.7999232E-03  -1.1003029E-02  -1.2388415E-02  -8.3173073E-03  -1.2862626E-02  -4.4210851E-03   3.2234600E-03  -9.7511591E-03  -1.5446809E-03   2.3944874E-02   4.1486600E-02  -4.1486600E-02  -9.9479112E-02  -1.5468038E-02  -5.6524683E-03  -5.7361502E-02  -3.5767437E-02  -2.4060572E-02  -4.2271194E-02   3.9992216E-02   3.3295601E-02  -5.6512016E-02  -1.0133645E-01  -2.7358106E-02   4.2283940E-03   5.5553483E-02   7.3278566E-02   1.3834223E-01   6.8862722E-02   6.8865142E-02  -6.8854742E-02  -3.4322936E-02  -9.0455969E-02   9.3493593E-02   2.4191241E-02   9.3382551E-02   4.5830913E-02   8.6389926E-02  -6.1895460E-02  -4.9147910E-02  -9.9478992E-02  -9.9479267E-02   9.9983777E-02   9.9525240E-02   6.8333410E-02   8.7404497E-02  -4.2728233E-02  -1.8385454E-02  -2.3089158E-02   6.6836581E-03  -5.7367030E-02  -4.9447680E-02  -7.9201047E-04   8.7503497E-02  -7.4955310E-02
 -1.3085518E-02   9.0826324E-03  -2.0520376E-02   5.4040758E-05   1.5250192E-02  -1.3031391E-04  -3.6777733E-03   1.3116040E-03  -6.0993813E-03   1.3475408E-03   7.9603363E-03   6.4563884E-03  -7.5051321E-03   1.3768797E-02   3.6795878E-03  -1.5744816E-04  -9.3237177E-03   6.9632373E-03   2.0936058E-03   1.1822337E-02   5.8992363E-03   3.1545363E-03   1.0553245E-02   1.7789148E-02   1.0000000E+00   1.0278011E-02   7.9683198E-03   1.9508380E-03  -7.7534671E-03   8.2634972E-03  -7.2703386E-03   9.0537209E-03  -9.6391075E-03  -6.8550868E-03  -6.4298105E-03   8.5829195E-03  -2.0332530E-02  -2.0357742E-02   2.0357742E-02   8.1954957E-03  -1.7012619E-02  -1.0066968E-02   1.3626363E-02   1.1133112E-03   6.8275172E-05   1.2538610E-03   8.7855251E-04  -1.3897525E-04  -1.0319238E-03  -1.2603666E-03  -1.1486690E-02  -5.5392042E-03  -6.7799524E-03  -7.2070366E-03  -3.6777733E-03  -1.3069771E-02  -1.3071264E-02   1.3033299E-02   2.4121681E-02   1.2696705E-02  -5.9374935E-03  -2.0281146E-02  -3.3365780E-03  -1.2279349E-02  -4.0540538E-03  -6.7119159E-04   7.6700270E-03   8.1954687E-03   8.1952468E-03  -9.5458501E-03  -9.3043851E-03  -2.1017217E-02  -1.2863529E-02   2.1911808E-02   1.9067266E-02  -8.8558678E-03  -1.2440536E-02   9.1541973E-02  -2.9172474E-04  -5.8655728E-03  -1.2423602E-01   9.3275333E-02
  4.3132657E-02  -8.4862592E-02   1.7446671E-02   2.7069091E-02   1.7552639E-02   2.5271133E-02   1.1130233E-01   6.5253298E-02   6.7108884E-03   3.9876477E-03  -3.1959745E-03  -3.2737195E-03   1.6256994E-02  -1.3325018E-02  -2.3384923E-02  -4.9231768E-03   1.9937511E-03  -1.7079912E-02   4.3570189E-03  -7.0270764E-03   1.2059272E-04   2.9888860E-03   7.4427907E-02   3.6174821E-01   1.0278011E-02   1.0000000E+00   8.9604084E-03   6.3765280E-03  -4.1777138E-03  -1.2538936E-02  -4.8243206E-03   4.9952684E-03  -7.3817890E-03  -1.7460412E-03  -1.2766335E-02  -6.3306971E-04   1.2643906E-02   2.8120082E-02  -2.8120082E-02  -8.5443918E-02  -2.1208457E-02  -1.1594308E-02  -4.8011237E-02  -3.4410544E-02  -2.4517100E-02  -3.8318853E-02   2.4996743E-02   2.5067852E-02  -1.3624027E-02  -6.6418172E-02   7.3973087E-03   4.2711421E-02   7.8142748E-02   8.3218424E-02   1.1130233E-01   4.3473769E-02   4.3474397E-02  -4.3159846E-02  -1.6699940E-02  -6.6243520E-02   8.4185705E-02   1.5917353E-02   8.4895124E-02   2.1091712E-02   8.0893387E-02  -6.5686534E-02  -2.5196074E-02  -8.5443838E-02  -8.5443807E-02   8.4511893E-02   8.4662482E-02   5.1846336E-02   6.7019110E-02  -2.7628523E-02  -8.7210868E-03  -2.5860304E-02  -1.5632600E-03  -1.1901801E-02  -4.9953948E-02  -9.8326492E-03   1.6828004E-02  -2.8744666E-02
  5.8473466E-03  -1.2805420E-02  -1.2269007E-02  -3.6747814E-03   8.3571537E-03  -5.5999834E-03   3.9894039E-03   3.2850644E-03  -2.3005472E-02  -1.3386667E-03  -9.2736788E-04   1.7557066E-03  -3.2941386E-03   2.1175311E-03   2.2980730E-03   1.5607022E-03   1.1117453E-04   9.0189589E-03   1.5128773E-03   4.4609775E-03   6.8163283E-04   6.7770542E-04   4.6160758E-03   1.5886852E-03   7.9683198E-03   8.9604084E-03   1.0000000E+00   1.8474545E-02   4.1904819E-03  -5.3439978E-03  -3.3914504E-03  -5.2565498E-03   5.2182610E-03  -9.3275766E-04   5.3599881E-04   5.9947770E-04  -4.8970026E-03  -2.4476167E-03   2.4476167E-03  -1.2967485E-02  -9.9197483E-03  -1.4124100E-02  -1.3738817E-02  -1.6918603E-02  -1.6006234E-02  -1.3714224E-02  -3.9029172E-03  -5.6419011E-03  -9.4209344E-03  -6.6071639E-03   2.3751494E-03  -4.8398116E-03  -3.2748409E-03  -4.6939538E-03   3.9894039E-03   6.1745230E-03   6.1731834E-03  -5.9890031E-03   7.0438572E-03  -9.6271259E-03   1.2932078E-02  -1.2710379E-02   1.5138503E-02   2.0714191E-03   1.2581115E-02  -1.0392504E-02  -7.2240905E-03  -1.2967328E-02  -1.2967623E-02   1.2138285E-02   1.2147402E-02   8.0745635E-04   4.8410519E-03   3.5673204E-03   5.2437647E-03  -1.4844692E-02  -1.2585396E-02   1.0849147E-01  -8.6622632E-03   2.0970497E-03  -1.2822468E-01   1.0776469E-01
  1.0544173E-02  -7.9301430E-03   5.2541021E-03  -9.2019745E-04   7.8052295E-03  -6.6119557E-04   1.4375059E-02   8.6014751E-03  -8.3361123E-03  -1.2054100E-02  -4.6990774E-03   7.1631224E-03  -3.7506284E-03  -3.1805779E-03   9.1149030E-04   6.6720480E-03   8.0616630E-03  -8.3249402E-04  -6.7663450E-03  -9.1665412E-03  -1.4924851E-02  -1.0745710E-02  -4.0006769E-03   8.7999232E-03   1.9508380E-03   6.3765280E-03   1.8474545E-02   1.0000000E+00  -4.0152098E-04  -1.7535415E-03   1.9315472E-02  -2.7110962E-03   1.0642366E-03   1.8262378E-02  -4.9146642E-04  -7.9181293E-03  -4.3934250E-03  -1.9259696E-03   1.9259696E-03  -7.2544400E-03  -7.1831770E-03  -7.8773950E-03  -5.9761626E-03  -8.3736824E-03  -7.8003747E-03  -9.2736047E-03  -3.8381351E-04  -9.6476699E-04   1.3732630E-03  -1.0768830E-02   2.7203148E-03   9.1134944E-03   1.5034976E-02   1.5282439E-02   1.4375059E-02   1.0665634E-02   1.0667983E-02  -1.0631985E-02  -1.7222139E-04  -1.0612008E-02   5.4204419E-03   4.8325300E-03   4.9388134E-03   9.1906471E-03   3.9695659E-03  -4.3864268E-05  -9.3157706E-03  -7.2544179E-03  -7.2547240E-03   7.6641003E-03   7.4618376E-03   1.2799526E-03   1.2055296E-02   1.1937344E-03   4.8906570E-03  -9.3768573E-03  -6.9116863E-03   1.3219090E-01  -1.5420625E-02  -3.8599044E-04  -1.7560005E-01   1.2970327E-01
 -1.8218820E-02   5.0957823E-03  -8.6631168E-03   1.0261918E-03  -6.1977946E-03   2.4599441E-03  -1.0625790E-02   9.6758357E-03  -5.8518925E-03  -1.1875111E-02  -6.7040650E-03  -4.7217711E-03   2.4654885E-02  -1.1847909E-02  -4.9206474E-03   1.8995239E-03   5.3309758E-03   1.6109125E-03  -3.8075139E-03  -3.6514351E-03   9.5288326E-03   5.2377533E-03  -1.2558424E-02  -1.1003029E-02  -7.7534671E-03  -4.1777138E-03   4.1904819E-03  -4.0152098E-04   1.0000000E+00   2.6494273E-01   1.9178970E-02  -1.9160987E-01  -5.5977174E-02  -2.7803314E-02   1.2383510E-02  -1.3584502E-02   2.5090875E-03   1.4605875E-03  -1.4605875E-03   3.3790112E-03   3.8681503E-03   7.2581082E-03   6.5689505E-03   8.3736484E-03   8.3179904E-03   8.9173568E-03   1.4262752E-03   2.4998993E-03   7.3014018E-03   1.1639783E-02   2.9722925E-03   2.9933111E-03  -4.0581918E-03  -6.9321972E-03  -1.0625790E-02  -1.8537996E-02  -1.8536202E-02   1.8271926E-02   4.7938452E-03   1.4525113E-02   7.6519723E-04  -7.6645027E-03   1.8482605E-03  -1.9822282E-02   3.8139800E-03  -1.0456341E-02   1.8206757E-02   3.3791941E-03   3.3792108E-03  -4.5974484E-03  -4.0654994E-03  -1.1668608E-03  -1.4037673E-02   6.1487704E-04  -3.5929764E-03   8.3403769E-03   6.3119005E-03  -5.4392861E-02   6.0333122E-03   7.1015238E-03   7.2653287E-02  -5.3463507E-02
 -2.5765307E-02   2.5733238E-02  -1.3363202E-02  -1.2654645E-02  -2.5805047E-02  -8.0515997E-03  -1.9790235E-02   1.5287515E-02  -6.6400414E-03   6.2012300E-03  -5.4407249E-04   3.4198311E-03  -9.8780218E-03   2.4664694E-03   1.4752908E-02   2.3870741E-03   4.6590135E-03  -1.8468749E-03  -6.0045466E-04  -3.6563040E-03  -7.4971006E-03  -5.2443489E-03  -1.5207131E-02  -1.2388415E-02   8.2634972E-03  -1.2538936E-02  -5.3439978E-03  -1.7535415E-03   2.6494273E-01   1.0000000E+00   1.4306282E-02   4.8116496E-01   3.5217415E-02  -7.4113659E-02  -5.0844232E-03  -8.0220735E-03   1.4875176E-02   9.7472935E-03  -9.7472935E-03   2.4487556E-02   2.4466216E-02   2.0917785E-02   1.2536102E-02   2.0682610E-02   1.8419757E-02   1.3340736E-02  -1.2513624E-02  -7.8481559E-03   2.6014764E-02   1.5257990E-02   4.6901356E-03   1.6179883E-02   6.6731517E-03   1.2689936E-03  -1.9790235E-02  -2.5803544E-02  -2.5804002E-02   2.5839763E-02  -6.4877745E-03   2.8681733E-02  -2.0841236E-02  -1.2296047E-02  -1.9864142E-02  -2.1670569E-02  -1.7508315E-02   8.2468709E-03   2.0647363E-02   2.4487434E-02   2.4487759E-02  -2.5378472E-02  -2.4990394E-02  -1.3743681E-03  -2.9681049E-02  -7.9831138E-03  -1.7335520E-02   2.5777300E-02   1.8462234E-02   2.6106879E-02   5.7759637E-04  -3.8731441E-03  -3.5384654E-02   2.6823162E-02
