# omegabh2 omegach2 theta tau binw1 binw2 binw3 binw4 logA ns calPlanck alpha_JLA beta_JLA acib217 xi asz143 aps100 aps143 aps143217 aps217 aksz kgal100 kgal143 kgal143217 kgal217 galfEE100 galfEE100143 galfEE100217 galfEE143 galfEE143217 galfEE217 galfTE100 galfTE100143 galfTE100217 galfTE143 galfTE143217 galfTE217 cal0 cal2
  2.5318099E-08  -1.4268418E-07   2.1808227E-08   9.1731050E-07   3.8990865E-06   1.4677164E-06   2.1331685E-06  -1.5388291E-05   1.6038487E-06   3.7050558E-07   1.2432724E-08  -4.6956110E-09  -1.6044082E-07  -1.2376991E-04   2.4652362E-06   2.6403747E-05  -4.5101109E-04  -2.5144543E-04  -5.0369426E-05   5.0980249E-05  -4.1073139E-05   3.9807888E-06  -8.8644782E-06  -1.2461852E-05   1.0496175E-05   5.3474953E-08   7.0165605E-08  -1.4430088E-08   7.3452387E-08   1.1226094E-07   8.5568669E-08  -1.0776622E-07  -7.5638854E-08  -1.9623224E-07  -4.0112682E-07  -1.3446059E-06  -3.5164739E-06   2.6622994E-09  -1.1029718E-08
 -1.4268418E-07   2.1412247E-06  -1.8566093E-07  -9.3146771E-06  -2.3260649E-05  -2.0602944E-05  -3.9003427E-05   8.0625407E-05  -1.3573555E-05  -5.1820225E-06  -4.5897987E-08   9.3611924E-09   1.4165636E-06   5.2568433E-04  -9.1683251E-06  -1.1871891E-04   2.2830926E-03   1.4625236E-03   6.0381319E-04   1.0651750E-04   1.3052472E-04  -3.3818919E-05   1.0770436E-05   5.1221271E-05  -8.4789849E-06  -7.5470335E-07  -7.8013752E-07   7.6576177E-08  -7.5693795E-07  -2.8033923E-07   1.9484512E-06   3.3251761E-07   3.2861613E-07   1.6599374E-06   2.6533605E-06   9.2954959E-06   3.0974304E-05   8.7317730E-09   6.4836584E-08
  2.1808227E-08  -1.8566093E-07   1.0416133E-07   1.0329097E-06   3.2346626E-06   2.2703509E-06   5.7373108E-06  -2.8068618E-05   1.7345548E-06   5.7072552E-07   1.0920223E-08   4.4821887E-09  -2.1188998E-07  -3.0916120E-05   9.4444871E-08   1.1622330E-05  -2.0345950E-04  -1.7219193E-04  -1.0462006E-04  -4.7298277E-05  -7.7653811E-06   2.2784864E-06  -6.3673371E-07  -3.0970877E-06  -5.9673277E-07   4.3153724E-08   4.6221919E-08  -1.1670130E-07   6.0115359E-08   7.4367927E-08  -9.4109430E-08   9.4009328E-08   3.8052581E-08  -2.5491298E-07  -2.8022013E-07  -1.4766032E-06  -4.4038575E-06  -2.5937161E-09  -3.1698724E-09
  9.1731050E-07  -9.3146771E-06   1.0329097E-06   2.8942887E-04  -2.4117489E-05   3.4986863E-05   2.6068209E-04   1.3643007E-03   5.5445929E-04   3.3995721E-05  -1.3094099E-06  -3.7880919E-09  -1.0671559E-05  -1.3155445E-02   2.9568400E-04   2.9428004E-03  -5.7362777E-02  -1.7483770E-02   4.9133663E-03   1.3243906E-02  -5.4795989E-03  -1.7019159E-04  -9.4285098E-04  -2.7943072E-03  -1.9659213E-03   2.6313010E-06   3.2265313E-06   3.0038814E-06   3.9147453E-06  -1.2222350E-05   3.8451436E-06  -8.3000935E-06  -5.2965382E-06  -3.6458124E-06  -1.8055391E-05  -5.5098955E-05  -1.5070304E-04  -6.3445457E-09  -1.6631009E-06
  3.8990865E-06  -2.3260649E-05   3.2346626E-06  -2.4117489E-05   2.6536629E-01  -3.8395985E-02   4.6443878E-02  -1.0432872E-02  -9.3127967E-05   1.7982738E-05  -6.7672107E-06  -3.4428018E-04  -3.3611726E-03  -2.3179503E-02   3.6245872E-04   1.0801074E-02  -2.9708087E-02  -1.3220171E-02   3.3848271E-02   4.9043549E-02  -1.8455592E-03  -5.5560126E-03  -1.4012108E-02  -1.9705705E-02  -5.0879958E-02   2.1466199E-05  -2.6953920E-05  -1.5242720E-04  -4.9824491E-05   7.5486351E-05   1.5415127E-04  -3.2749005E-04   2.0046859E-05   1.2601381E-04   6.4329040E-05   3.6884483E-04  -1.4845684E-03   2.5927227E-06  -1.3543042E-05
  1.4677164E-06  -2.0602944E-05   2.2703509E-06   3.4986863E-05  -3.8395985E-02   1.4472945E-02  -3.2416653E-02  -1.7684652E-02   2.7497627E-05   4.7880821E-05   2.1344291E-06   2.0879145E-05   2.7329297E-04  -6.7142861E-03   3.7287083E-05  -1.1450951E-03  -1.9037519E-02  -4.8879251E-03  -4.1476491E-03   5.0710402E-03  -1.8548219E-03  -2.5345061E-03  -5.1306134E-04  -8.0010778E-03  -7.0739171E-03   4.0180735E-06   1.3189947E-05  -3.3927084E-06   2.0555712E-05   4.0237569E-05   1.0471092E-04   6.4485394E-05  -8.7070945E-06  -5.6072108E-05  -6.5366080E-05  -7.7793375E-05  -1.0040564E-04  -8.6504275E-08  -1.1804828E-06
  2.1331685E-06  -3.9003427E-05   5.7373108E-06   2.6068209E-04   4.6443878E-02  -3.2416653E-02   2.7778020E-01  -1.5602144E-01   3.8064714E-04   1.4198681E-04  -2.3255378E-05  -8.5584885E-05  -4.6557012E-03  -3.3513647E-03   1.5830462E-03   1.3184694E-02  -2.0801546E-01  -4.2778941E-02   1.4510227E-02  -2.1659221E-02  -2.0390602E-02   1.0724937E-02   8.3604813E-03   4.1282248E-02   4.0269106E-02   2.2113369E-05  -7.6054584E-06   5.0480652E-06  -2.1347293E-06  -3.3084435E-04   1.3982403E-04  -2.2339418E-04  -1.1197850E-04   1.9051727E-04  -3.0786597E-04  -7.4023873E-05  -1.3991162E-03  -3.6029888E-06   5.9211326E-06
 -1.5388291E-05   8.0625407E-05  -2.8068618E-05   1.3643007E-03  -1.0432872E-02  -1.7684652E-02  -1.5602144E-01   1.4133207E+00   2.8849387E-03  -3.3260119E-04   5.7119630E-05  -1.1544396E-05   1.8133622E-03   2.1163446E-01  -6.3619648E-03  -2.7167742E-02   1.0860023E+00   2.0734541E-01  -8.1375646E-02  -2.6485548E-01   9.6600568E-02  -3.1135961E-03   1.4545802E-02   1.4868151E-02  -1.1994450E-02  -1.8139856E-04  -1.5648775E-04   8.5229675E-06  -3.4541233E-05   1.4293728E-04   1.7595573E-04   6.8637283E-04   4.3440022E-04   1.0541908E-04   3.3768360E-04  -1.8589050E-03  -1.4966976E-04  -6.5738960E-06   1.5463230E-07
  1.6038487E-06  -1.3573555E-05   1.7345548E-06   5.5445929E-04  -9.3127967E-05   2.7497627E-05   3.8064714E-04   2.8849387E-03   1.1014540E-03   5.4153158E-05   1.0122041E-05  -7.8139627E-08  -1.9578524E-05  -2.5202195E-02   6.4143440E-04   5.6795185E-03  -1.0558254E-01  -3.0265512E-02   1.4509808E-02   3.2868133E-02  -1.1526721E-02  -6.1862419E-04  -2.4494853E-03  -5.8265920E-03  -2.4164584E-03   4.3946647E-06   4.7482480E-06   7.2959249E-06   7.6609630E-06  -2.7443730E-05   1.7019660E-05  -1.4780680E-05  -8.5094521E-06  -3.9689012E-06  -2.5953954E-05  -9.3141465E-05  -2.1318725E-04   2.5188346E-07  -3.2344199E-06
  3.7050558E-07  -5.1820225E-06   5.7072552E-07   3.3995721E-05   1.7982738E-05   4.7880821E-05   1.4198681E-04  -3.3260119E-04   5.4153158E-05   2.2262062E-05   1.3001489E-07  -6.1937221E-08  -3.1537380E-06  -5.7737232E-03   1.3983353E-04   1.1255754E-03  -2.7519883E-02  -7.6014743E-03   2.1943726E-03   5.9796887E-03  -2.4975409E-03   2.8706763E-04  -2.3366483E-04  -6.4226321E-04   4.2154573E-04   3.2216248E-06   3.5730808E-06  -1.3138538E-06   3.8070912E-06  -3.6991255E-06   3.7640121E-06  -9.7529830E-07   3.9434914E-07  -1.6883616E-06  -4.2678199E-06  -2.3604967E-05  -7.2040097E-05  -1.5493692E-07  -5.5113895E-07
  1.2432724E-08  -4.5897987E-08   1.0920223E-08  -1.3094099E-06  -6.7672107E-06   2.1344291E-06  -2.3255378E-05   5.7119630E-05   1.0122041E-05   1.3001489E-07   6.3105003E-06  -3.4149227E-08  -3.6562930E-09   7.8406994E-04   8.2077546E-06   1.8112839E-05   3.2219849E-03   4.7846842E-04   5.6659416E-04   1.3965046E-03  -6.7569046E-05   1.7419869E-05  -2.7776835E-05   2.3365365E-05   7.0684902E-04   7.2349972E-07   2.8839448E-07   6.4091151E-07   1.0264067E-06  -1.1704235E-06   4.1805326E-06   2.6589434E-07   9.1510130E-07   1.1052615E-06   2.7676289E-06  -1.0755659E-06   1.0459095E-05   1.4485860E-08  -9.6265457E-09
 -4.6956110E-09   9.3611924E-09   4.4821887E-09  -3.7880919E-09  -3.4428018E-04   2.0879145E-05  -8.5584885E-05  -1.1544396E-05  -7.8139627E-08  -6.1937221E-08  -3.4149227E-08   4.4219041E-05  -2.5788373E-05   9.4402149E-05  -1.5548508E-06  -2.6391734E-05  -2.5427926E-03  -6.6819368E-04  -7.9344897E-04  -7.1396964E-04   2.5427707E-04   1.4882696E-04   8.9856521E-05  -1.7388802E-05  -1.2944106E-04   2.7006596E-07   2.3406925E-07   1.5572273E-06  -1.4301098E-07  -6.5064074E-07   3.9762666E-06  -1.6162030E-06  -2.1961108E-06   6.3474665E-07   2.3066104E-06  -9.6262095E-06  -1.0978786E-05  -2.9056693E-08   2.2059654E-08
 -1.6044082E-07   1.4165636E-06  -2.1188998E-07  -1.0671559E-05  -3.3611726E-03   2.7329297E-04  -4.6557012E-03   1.8133622E-03  -1.9578524E-05  -3.1537380E-06  -3.6562930E-09  -2.5788373E-05   6.6525282E-03   1.2526723E-03  -2.0582462E-05  -7.4343317E-05   3.6254437E-06   9.9688472E-04  -5.0526646E-03  -4.0671298E-03   1.1534936E-03   2.2612973E-04  -1.1385334E-03   9.8625169E-04  -3.4071586E-04  -5.0438083E-06   3.0806188E-06  -1.4225369E-05   8.6084951E-06  -4.1608748E-05  -3.0691649E-05  -2.3212953E-05  -1.9549430E-05   8.1583442E-06  -3.4810311E-05   4.0500429E-05  -1.5494632E-04  -2.1364273E-07  -7.3570383E-07
 -1.2376991E-04   5.2568433E-04  -3.0916120E-05  -1.3155445E-02  -2.3179503E-02  -6.7142861E-03  -3.3513647E-03   2.1163446E-01  -2.5202195E-02  -5.7737232E-03   7.8406994E-04   9.4402149E-05   1.2526723E-03   4.3576765E+01  -5.1674764E-01  -1.7243061E+00   4.2807741E+01  -3.6141276E-01  -2.2272350E+01  -6.1694360E+01   5.9734904E-01  -5.6193306E-02  -1.2260501E-03  -1.9889818E+00  -1.8231716E+01  -4.6403445E-04  -1.0238007E-03   1.3670923E-04  -1.3012712E-03   1.4172818E-03  -4.3827447E-03  -1.1353024E-03  -1.0928847E-03   1.4385919E-03   9.3443820E-04   8.3867046E-04   7.5888008E-04  -2.9362517E-04   4.4395872E-03
  2.4652362E-06  -9.1683251E-06   9.4444871E-08   2.9568400E-04   3.6245872E-04   3.7287083E-05   1.5830462E-03  -6.3619648E-03   6.4143440E-04   1.3983353E-04   8.2077546E-06  -1.5548508E-06  -2.0582462E-05  -5.1674764E-01   8.0338383E-02  -5.8915362E-02  -6.3144968E-01   1.0299967E+00   1.9514489E+00   8.3290559E-01   5.2943110E-02  -2.8596763E-03   1.1075914E-02   1.1087309E-01   1.1628440E-01   1.9294253E-05   8.9406516E-06  -1.0773638E-04   1.6185467E-05  -3.2839609E-04   3.2032530E-07  -6.5547573E-05  -3.7053574E-05   8.1940188E-05   8.5362763E-05  -8.2229506E-05   2.5689859E-04   8.7546064E-06  -1.9786720E-05
  2.6403747E-05  -1.1871891E-04   1.1622330E-05   2.9428004E-03   1.0801074E-02  -1.1450951E-03   1.3184694E-02  -2.7167742E-02   5.6795185E-03   1.1255754E-03   1.8112839E-05  -2.6391734E-05  -7.4343317E-05  -1.7243061E+00  -5.8915362E-02   3.4619805E+00  -2.8038158E+01  -3.7200672E+00   7.1779312E+00   6.3536257E+00  -2.2986468E+00  -1.7932614E-01   2.8386018E-02   2.1966998E+00   2.0090650E+00   3.5887069E-05   1.7353698E-04   4.3788675E-04   2.1667070E-04  -4.2346579E-04  -1.1739388E-03   4.2558604E-05  -8.5837255E-04  -1.2532100E-04  -1.6323574E-03  -2.1333665E-03  -1.0176909E-03   1.5623031E-04  -3.4080721E-04
 -4.5101109E-04   2.2830926E-03  -2.0345950E-04  -5.7362777E-02  -2.9708087E-02  -1.9037519E-02  -2.0801546E-01   1.0860023E+00  -1.0558254E-01  -2.7519883E-02   3.2219849E-03  -2.5427926E-03   3.6254437E-06   4.2807741E+01  -6.3144968E-01  -2.8038158E+01   7.6033738E+02   6.2252487E+01  -6.2927037E+01  -7.2021333E+01   1.2539836E+01  -3.5138954E+00   3.0014694E+00  -1.2174980E+01  -1.6686783E+01  -2.7463967E-03  -4.2964965E-03   9.0299073E-03  -6.2058657E-03   2.3321220E-02  -8.9853606E-03   5.2616493E-04   3.9726544E-03  -8.4771102E-03   1.0951500E-02  -6.4161395E-04   4.8090036E-02   6.2646855E-03   4.1731338E-03
 -2.5144543E-04   1.4625236E-03  -1.7219193E-04  -1.7483770E-02  -1.3220171E-02  -4.8879251E-03  -4.2778941E-02   2.0734541E-01  -3.0265512E-02  -7.6014743E-03   4.7846842E-04  -6.6819368E-04   9.9688472E-04  -3.6141276E-01   1.0299967E+00  -3.7200672E+00   6.2252487E+01   5.8076902E+01   4.3401200E+01   1.6950378E+01  -3.8437797E+00  -1.9884753E-01  -9.4489823E-01   3.8269397E+00   4.1713703E+00  -1.0037998E-03  -1.5448493E-03  -6.7382920E-05  -1.5017240E-03  -5.2000538E-03  -1.7299425E-03  -1.5417764E-03   9.9679602E-04   5.6272653E-03   7.6112921E-03   9.8661129E-03   4.3112845E-02   1.0485687E-04   2.1969536E-04
 -5.0369426E-05   6.0381319E-04  -1.0462006E-04   4.9133663E-03   3.3848271E-02  -4.1476491E-03   1.4510227E-02  -8.1375646E-02   1.4509808E-02   2.1943726E-03   5.6659416E-04  -7.9344897E-04  -5.0526646E-03  -2.2272350E+01   1.9514489E+00   7.1779312E+00  -6.2927037E+01   4.3401200E+01   9.7942960E+01   6.6178373E+01  -1.0598476E+01  -6.6001641E-01  -1.9079106E-01   4.5680164E+00   5.2350741E+00  -1.2768179E-04   1.9151091E-05  -1.6991049E-04   4.0962243E-04  -1.1708167E-02  -5.1584990E-03  -1.4066407E-03  -2.0495388E-03   4.3079421E-03   2.0685672E-03  -4.5296163E-03   3.1072585E-02   7.0366448E-04  -2.5775685E-03
  5.0980249E-05   1.0651750E-04  -4.7298277E-05   1.3243906E-02   4.9043549E-02   5.0710402E-03  -2.1659221E-02  -2.6485548E-01   3.2868133E-02   5.9796887E-03   1.3965046E-03  -7.1396964E-04  -4.0671298E-03  -6.1694360E+01   8.3290559E-01   6.3536257E+00  -7.2021333E+01   1.6950378E+01   6.6178373E+01   1.2087010E+02  -9.3900630E+00  -3.2402702E-01  -1.6271906E-01  -7.1384208E-01   1.4761979E+01   8.2035170E-05   1.0160120E-03   2.1811497E-03   1.7694045E-03  -6.3543914E-03  -1.5954545E-03   2.7088471E-03   2.3484438E-03  -9.5255089E-04   2.3314058E-03   5.1326012E-03   2.3285352E-02   6.8799440E-04  -7.7539423E-03
 -4.1073139E-05   1.3052472E-04  -7.7653811E-06  -5.4795989E-03  -1.8455592E-03  -1.8548219E-03  -2.0390602E-02   9.6600568E-02  -1.1526721E-02  -2.4975409E-03  -6.7569046E-05   2.5427707E-04   1.1534936E-03   5.9734904E-01   5.2943110E-02  -2.2986468E+00   1.2539836E+01  -3.8437797E+00  -1.0598476E+01  -9.3900630E+00   5.2745061E+00   1.0965604E-01  -3.4049216E-02  -1.6872556E+00  -1.5321468E+00  -1.4951304E-04  -3.6857881E-04  -6.3828237E-04  -4.1665685E-04   1.7247221E-03   1.7594532E-03  -4.2972248E-04  -9.6206950E-05   1.0226717E-04   3.2387655E-04   2.9506324E-03  -3.7024326E-03  -9.4237354E-05   1.4731669E-04
  3.9807888E-06  -3.3818919E-05   2.2784864E-06  -1.7019159E-04  -5.5560126E-03  -2.5345061E-03   1.0724937E-02  -3.1135961E-03  -6.1862419E-04   2.8706763E-04   1.7419869E-05   1.4882696E-04   2.2612973E-04  -5.6193306E-02  -2.8596763E-03  -1.7932614E-01  -3.5138954E+00  -1.9884753E-01  -6.6001641E-01  -3.2402702E-01   1.0965604E-01   3.4915345E+00   4.1341760E-01   2.0663385E-01   3.8859166E-01   1.5764396E-04   6.6119976E-05  -4.2211252E-04   8.0265757E-05   4.4783186E-04  -7.6126070E-04  -7.8660680E-05  -4.6195633E-05  -3.8113665E-04   4.9876575E-04  -1.8241397E-03  -5.9535452E-03   2.9100327E-04   1.6275555E-05
 -8.8644782E-06   1.0770436E-05  -6.3673371E-07  -9.4285098E-04  -1.4012108E-02  -5.1306134E-04   8.3604813E-03   1.4545802E-02  -2.4494853E-03  -2.3366483E-04  -2.7776835E-05   8.9856521E-05  -1.1385334E-03  -1.2260501E-03   1.1075914E-02   2.8386018E-02   3.0014694E+00  -9.4489823E-01  -1.9079106E-01  -1.6271906E-01  -3.4049216E-02   4.1341760E-01   3.3757754E+00   2.5121212E+00   1.6343133E+00   1.1241556E-05   2.7894411E-05   2.1346068E-04  -1.2539714E-04   8.0032972E-04  -5.8234885E-04   8.0520599E-04  -8.2103165E-04  -9.7776581E-04  -3.0148162E-04  -2.5582955E-04   3.9403657E-03  -2.8457713E-04  -2.3534329E-04
 -1.2461852E-05   5.1221271E-05  -3.0970877E-06  -2.7943072E-03  -1.9705705E-02  -8.0010778E-03   4.1282248E-02   1.4868151E-02  -5.8265920E-03  -6.4226321E-04   2.3365365E-05  -1.7388802E-05   9.8625169E-04  -1.9889818E+00   1.1087309E-01   2.1966998E+00  -1.2174980E+01   3.8269397E+00   4.5680164E+00  -7.1384208E-01  -1.6872556E+00   2.0663385E-01   2.5121212E+00   1.7172452E+01   2.5757578E+01  -2.1630308E-04  -1.6438160E-04   2.6314069E-04  -2.7910837E-04   3.5080137E-05  -3.7458591E-04   8.5000282E-04  -2.9932169E-04  -1.2551130E-03  -3.5362669E-04   2.7554872E-03   1.9791531E-02  -1.6200685E-05   2.5592409E-03
  1.0496175E-05  -8.4789849E-06  -5.9673277E-07  -1.9659213E-03  -5.0879958E-02  -7.0739171E-03   4.0269106E-02  -1.1994450E-02  -2.4164584E-03   4.2154573E-04   7.0684902E-04  -1.2944106E-04  -3.4071586E-04  -1.8231716E+01   1.1628440E-01   2.0090650E+00  -1.6686783E+01   4.1713703E+00   5.2350741E+00   1.4761979E+01  -1.5321468E+00   3.8859166E-01   1.6343133E+00   2.5757578E+01   5.4375897E+01   4.1504450E-05   1.9737092E-04   5.9037930E-04   1.9830963E-04   9.9842334E-04   5.7783815E-03   1.3987201E-03   1.0744434E-03   1.4033186E-03   1.8011568E-03  -1.5747599E-04   3.2772854E-02   9.1843393E-05   4.5374703E-03
  5.3474953E-08  -7.5470335E-07   4.3153724E-08   2.6313010E-06   2.1466199E-05   4.0180735E-06   2.2113369E-05  -1.8139856E-04   4.3946647E-06   3.2216248E-06   7.2349972E-07   2.7006596E-07  -5.0438083E-06  -4.6403445E-04   1.9294253E-05   3.5887069E-05  -2.7463967E-03  -1.0037998E-03  -1.2768179E-04   8.2035170E-05  -1.4951304E-04   1.5764396E-04   1.1241556E-05  -2.1630308E-04   4.1504450E-05   3.1393645E-05   8.5828492E-06   2.4739430E-07   3.0020696E-06  -1.1523536E-06  -8.0970594E-06  -1.8257630E-06  -1.7223596E-06   6.3459634E-07  -5.1358459E-06  -1.0978220E-05  -2.7107504E-05  -2.1921218E-08  -6.0253417E-08
  7.0165605E-08  -7.8013752E-07   4.6221919E-08   3.2265313E-06  -2.6953920E-05   1.3189947E-05  -7.6054584E-06  -1.5648775E-04   4.7482480E-06   3.5730808E-06   2.8839448E-07   2.3406925E-07   3.0806188E-06  -1.0238007E-03   8.9406516E-06   1.7353698E-04  -4.2964965E-03  -1.5448493E-03   1.9151091E-05   1.0160120E-03  -3.6857881E-04   6.6119976E-05   2.7894411E-05  -1.6438160E-04   1.9737092E-04   8.5828492E-06   2.4823362E-05   1.1870061E-07   1.2252485E-05   7.5773901E-08  -1.5055639E-07  -9.4661794E-07  -5.1802676E-08  -3.4272638E-06  -2.6499072E-06  -6.7406777E-06  -1.8384013E-05  -1.8757519E-08  -5.9765416E-08
 -1.4430088E-08   7.6576177E-08  -1.1670130E-07   3.0038814E-06  -1.5242720E-04  -3.3927084E-06   5.0480652E-06   8.5229675E-06   7.2959249E-06  -1.3138538E-06   6.4091151E-07   1.5572273E-06  -1.4225369E-05   1.3670923E-04  -1.0773638E-04   4.3788675E-04   9.0299073E-03  -6.7382920E-05  -1.6991049E-04   2.1811497E-03  -6.3828237E-04  -4.2211252E-04   2.1346068E-04   2.6314069E-04   5.9037930E-04   2.4739430E-07   1.1870061E-07   1.0457545E-03  -7.6570321E-08   1.4269215E-06   1.2479422E-06   1.1774070E-05  -7.4441220E-06   1.6634511E-05  -1.2217039E-05  -2.8686138E-05   5.2914673E-05   7.6518883E-09  -6.9318494E-08
  7.3452387E-08  -7.5693795E-07   6.0115359E-08   3.9147453E-06  -4.9824491E-05   2.0555712E-05  -2.1347293E-06  -3.4541233E-05   7.6609630E-06   3.8070912E-06   1.0264067E-06  -1.4301098E-07   8.6084951E-06  -1.3012712E-03   1.6185467E-05   2.1667070E-04  -6.2058657E-03  -1.5017240E-03   4.0962243E-04   1.7694045E-03  -4.1665685E-04   8.0265757E-05  -1.2539714E-04  -2.7910837E-04   1.9830963E-04   3.0020696E-06   1.2252485E-05  -7.6570321E-08   4.7071585E-05  -4.2801260E-06   1.7354273E-06  -2.8396327E-06  -1.6124647E-06  -5.2202430E-06  -2.6260409E-06  -1.1053628E-05   6.4318842E-06  -2.0905388E-09  -1.5831336E-07
  1.1226094E-07  -2.8033923E-07   7.4367927E-08  -1.2222350E-05   7.5486351E-05   4.0237569E-05  -3.3084435E-04   1.4293728E-04  -2.7443730E-05  -3.6991255E-06  -1.1704235E-06  -6.5064074E-07  -4.1608748E-05   1.4172818E-03  -3.2839609E-04  -4.2346579E-04   2.3321220E-02  -5.2000538E-03  -1.1708167E-02  -6.3543914E-03   1.7247221E-03   4.4783186E-04   8.0032972E-04   3.5080137E-05   9.9842334E-04  -1.1523536E-06   7.5773901E-08   1.4269215E-06  -4.2801260E-06   2.1493946E-03   1.4455347E-04   2.2145156E-06   1.0601601E-05   2.7821335E-05  -1.3370733E-05   1.1993806E-04   1.7929065E-04   4.5805896E-08  -4.4013579E-08
  8.5568669E-08   1.9484512E-06  -9.4109430E-08   3.8451436E-06   1.5415127E-04   1.0471092E-04   1.3982403E-04   1.7595573E-04   1.7019660E-05   3.7640121E-06   4.1805326E-06   3.9762666E-06  -3.0691649E-05  -4.3827447E-03   3.2032530E-07  -1.1739388E-03  -8.9853606E-03  -1.7299425E-03  -5.1584990E-03  -1.5954545E-03   1.7594532E-03  -7.6126070E-04  -5.8234885E-04  -3.7458591E-04   5.7783815E-03  -8.0970594E-06  -1.5055639E-07   1.2479422E-06   1.7354273E-06   1.4455347E-04   1.6815004E-02  -3.5755519E-05   9.4201165E-06   7.8148511E-05   2.0194072E-05  -1.4214632E-04   5.9056664E-05   2.5901712E-09   6.5104039E-07
 -1.0776622E-07   3.3251761E-07   9.4009328E-08  -8.3000935E-06  -3.2749005E-04   6.4485394E-05  -2.2339418E-04   6.8637283E-04  -1.4780680E-05  -9.7529830E-07   2.6589434E-07  -1.6162030E-06  -2.3212953E-05  -1.1353024E-03  -6.5547573E-05   4.2558604E-05   5.2616493E-04  -1.5417764E-03  -1.4066407E-03   2.7088471E-03  -4.2972248E-04  -7.8660680E-05   8.0520599E-04   8.5000282E-04   1.3987201E-03  -1.8257630E-06  -9.4661794E-07   1.1774070E-05  -2.8396327E-06   2.2145156E-06  -3.5755519E-05   1.4479169E-03   2.9284417E-04   4.0584151E-05  -4.0007367E-04  -2.1729803E-04  -2.5183799E-04   3.1493886E-07   1.4248450E-07
 -7.5638854E-08   3.2861613E-07   3.8052581E-08  -5.2965382E-06   2.0046859E-05  -8.7070945E-06  -1.1197850E-04   4.3440022E-04  -8.5094521E-06   3.9434914E-07   9.1510130E-07  -2.1961108E-06  -1.9549430E-05  -1.0928847E-03  -3.7053574E-05  -8.5837255E-04   3.9726544E-03   9.9679602E-04  -2.0495388E-03   2.3484438E-03  -9.6206950E-05  -4.6195633E-05  -8.2103165E-04  -2.9932169E-04   1.0744434E-03  -1.7223596E-06  -5.1802676E-08  -7.4441220E-06  -1.6124647E-06   1.0601601E-05   9.4201165E-06   2.9284417E-04   8.3989968E-04   5.0813062E-06   7.2760213E-04   1.1885483E-04  -6.2986989E-04  -1.1221250E-07  -1.1852089E-07
 -1.9623224E-07   1.6599374E-06  -2.5491298E-07  -3.6458124E-06   1.2601381E-04  -5.6072108E-05   1.9051727E-04   1.0541908E-04  -3.9689012E-06  -1.6883616E-06   1.1052615E-06   6.3474665E-07   8.1583442E-06   1.4385919E-03   8.1940188E-05  -1.2532100E-04  -8.4771102E-03   5.6272653E-03   4.3079421E-03  -9.5255089E-04   1.0226717E-04  -3.8113665E-04  -9.7776581E-04  -1.2551130E-03   1.4033186E-03   6.3459634E-07  -3.4272638E-06   1.6634511E-05  -5.2202430E-06   2.7821335E-05   7.8148511E-05   4.0584151E-05   5.0813062E-06   7.3630148E-03  -2.1736249E-04   1.9046572E-03   5.9151630E-03  -3.8247697E-07   8.8915934E-07
 -4.0112682E-07   2.6533605E-06  -2.8022013E-07  -1.8055391E-05   6.4329040E-05  -6.5366080E-05  -3.0786597E-04   3.3768360E-04  -2.5953954E-05  -4.2678199E-06   2.7676289E-06   2.3066104E-06  -3.4810311E-05   9.3443820E-04   8.5362763E-05  -1.6323574E-03   1.0951500E-02   7.6112921E-03   2.0685672E-03   2.3314058E-03   3.2387655E-04   4.9876575E-04  -3.0148162E-04  -3.5362669E-04   1.8011568E-03  -5.1358459E-06  -2.6499072E-06  -1.2217039E-05  -2.6260409E-06  -1.3370733E-05   2.0194072E-05  -4.0007367E-04   7.2760213E-04  -2.1736249E-04   2.9831259E-03   1.1625259E-03  -2.5673772E-06   9.7796095E-08   4.4808716E-07
 -1.3446059E-06   9.2954959E-06  -1.4766032E-06  -5.5098955E-05   3.6884483E-04  -7.7793375E-05  -7.4023873E-05  -1.8589050E-03  -9.3141465E-05  -2.3604967E-05  -1.0755659E-06  -9.6262095E-06   4.0500429E-05   8.3867046E-04  -8.2229506E-05  -2.1333665E-03  -6.4161395E-04   9.8661129E-03  -4.5296163E-03   5.1326012E-03   2.9506324E-03  -1.8241397E-03  -2.5582955E-04   2.7554872E-03  -1.5747599E-04  -1.0978220E-05  -6.7406777E-06  -2.8686138E-05  -1.1053628E-05   1.1993806E-04  -1.4214632E-04  -2.1729803E-04   1.1885483E-04   1.9046572E-03   1.1625259E-03   1.5579510E-02   1.8299309E-02  -2.9336734E-07   5.9917364E-07
 -3.5164739E-06   3.0974304E-05  -4.4038575E-06  -1.5070304E-04  -1.4845684E-03  -1.0040564E-04  -1.3991162E-03  -1.4966976E-04  -2.1318725E-04  -7.2040097E-05   1.0459095E-05  -1.0978786E-05  -1.5494632E-04   7.5888008E-04   2.5689859E-04  -1.0176909E-03   4.8090036E-02   4.3112845E-02   3.1072585E-02   2.3285352E-02  -3.7024326E-03  -5.9535452E-03   3.9403657E-03   1.9791531E-02   3.2772854E-02  -2.7107504E-05  -1.8384013E-05   5.2914673E-05   6.4318842E-06   1.7929065E-04   5.9056664E-05  -2.5183799E-04  -6.2986989E-04   5.9151630E-03  -2.5673772E-06   1.8299309E-02   7.7017498E-02   6.6645172E-07   1.0727066E-07
  2.6622994E-09   8.7317730E-09  -2.5937161E-09  -6.3445457E-09   2.5927227E-06  -8.6504275E-08  -3.6029888E-06  -6.5738960E-06   2.5188346E-07  -1.5493692E-07   1.4485860E-08  -2.9056693E-08  -2.1364273E-07  -2.9362517E-04   8.7546064E-06   1.5623031E-04   6.2646855E-03   1.0485687E-04   7.0366448E-04   6.8799440E-04  -9.4237354E-05   2.9100327E-04  -2.8457713E-04  -1.6200685E-05   9.1843393E-05  -2.1921218E-08  -1.8757519E-08   7.6518883E-09  -2.0905388E-09   4.5805896E-08   2.5901712E-09   3.1493886E-07  -1.1221250E-07  -3.8247697E-07   9.7796095E-08  -2.9336734E-07   6.6645172E-07   5.8711327E-07  -2.4193223E-09
 -1.1029718E-08   6.4836584E-08  -3.1698724E-09  -1.6631009E-06  -1.3543042E-05  -1.1804828E-06   5.9211326E-06   1.5463230E-07  -3.2344199E-06  -5.5113895E-07  -9.6265457E-09   2.2059654E-08  -7.3570383E-07   4.4395872E-03  -1.9786720E-05  -3.4080721E-04   4.1731338E-03   2.1969536E-04  -2.5775685E-03  -7.7539423E-03   1.4731669E-04   1.6275555E-05  -2.3534329E-04   2.5592409E-03   4.5374703E-03  -6.0253417E-08  -5.9765416E-08  -6.9318494E-08  -1.5831336E-07  -4.4013579E-08   6.5104039E-07   1.4248450E-07  -1.1852089E-07   8.8915934E-07   4.4808716E-07   5.9917364E-07   1.0727066E-07  -2.4193223E-09   2.1010365E-06
