# omegabh2 omegach2 theta binw1 alpha_JLA beta_JLA
  6.2351403E-04  -4.3953572E-05  -1.1445683E-03  -8.7989431E-04   2.5132648E-06  -2.2872985E-05
 -4.3953572E-05   4.8553214E-03   4.7115902E-03  -8.2552587E-03   8.7209082E-06   6.5496751E-06
 -1.1445683E-03   4.7115902E-03   1.0553719E-02   2.2402372E-04  -8.0314662E-06  -1.2995227E-05
 -8.7989431E-04  -8.2552587E-03   2.2402372E-04   3.6314246E-02  -7.2236420E-05  -2.9398240E-04
  2.5132648E-06   8.7209082E-06  -8.0314662E-06  -7.2236420E-05   4.3764415E-05  -2.9059763E-05
 -2.2872985E-05   6.5496751E-06  -1.2995227E-05  -2.9398240E-04  -2.9059763E-05   6.3287376E-03
