  1.0000000E+00  -6.1281465E-01   4.2466999E-01   3.3886748E-01   4.7569047E-02   7.6674001E-02   2.5436595E-02  -8.1349425E-02   3.0371390E-01   4.9351063E-01   3.1104188E-02  -4.4378427E-03  -1.2362490E-02  -1.1783439E-01   5.4661488E-02   8.9184156E-02  -1.0279418E-01  -2.0736071E-01  -3.1986362E-02   2.9142511E-02  -1.1239616E-01   1.3388916E-02  -3.0321512E-02  -1.8899525E-02   8.9456586E-03   5.9981040E-02   8.8507164E-02  -2.8043910E-03   6.7283869E-02   1.5217911E-02   4.1471595E-03  -1.7798988E-02  -1.6402713E-02  -1.4372324E-02  -4.6156234E-02  -6.7702167E-02  -7.9633748E-02   2.1836368E-02  -4.7822476E-02   2.0613532E-01   2.6995118E-01  -2.6995118E-01  -5.3778990E-01   5.8887574E-02   6.7811499E-02  -3.4084325E-01  -1.4457646E-01  -8.2074038E-02  -2.2190290E-03   3.0411066E-01   3.0326134E-01  -2.2557391E-01  -1.2546657E-01   3.7618504E-01   6.3168933E-02   2.9675905E-01   4.7160145E-01   4.9351063E-01   9.9966268E-01   9.9966249E-01  -9.9994377E-01  -4.2284926E-01  -9.4040943E-01   3.4615176E-01   3.8388025E-01   3.0291013E-01   9.6403049E-01   1.9176940E-01   1.8264315E-01  -9.3898692E-01  -5.3778985E-01  -5.3779187E-01   5.9539791E-01   5.7154105E-01   3.4746438E-01   2.9376495E-01  -2.8107050E-01  -3.9393353E-02  -1.0522618E-01   1.4514363E-01  -7.3579129E-02   1.4155451E-02  -9.3525747E-03   2.4295072E-02  -6.9600739E-02
 -6.1281465E-01   1.0000000E+00  -3.9312997E-01  -3.7416723E-01  -3.0858004E-02  -1.1703606E-01  -5.0573266E-02   4.6346872E-02  -2.7949837E-01  -7.5056011E-01  -1.2486209E-02   9.6204500E-04   1.1868931E-02   5.4420986E-02  -2.2105347E-02  -4.3604015E-02   5.6583424E-02   1.3115052E-01   4.1695084E-02   6.6211042E-03   3.8839243E-02  -1.2368597E-02   4.0060411E-03   8.4470113E-03  -7.8579547E-04  -9.2050103E-02  -1.0700640E-01   1.6182577E-03  -7.5396250E-02  -4.1323269E-03   1.0268569E-02   5.9718887E-03   7.7489712E-03   1.3220039E-02   3.3199331E-02   5.0893760E-02   7.6273861E-02   7.7877206E-03   3.0568364E-02  -2.2053850E-01  -3.4239599E-01   3.4239599E-01   9.9578897E-01   5.5601961E-02   4.0417774E-02   6.0348199E-01   3.7981910E-01   2.6877672E-01   2.1954432E-01  -3.4158054E-01  -2.7968491E-01   5.3743475E-01   4.3673243E-01  -1.3865614E-01   1.1245190E-01  -1.2578416E-01  -2.3619094E-01  -7.5056011E-01  -6.1246778E-01  -6.1246545E-01   6.1281425E-01   3.4258309E-01   8.4491682E-01  -9.5348434E-01  -3.7503672E-01  -9.3175858E-01  -3.8256957E-01  -8.9305794E-01   6.6496386E-01   3.8288329E-01   9.9578896E-01   9.9578917E-01  -9.9902938E-01  -9.9787645E-01  -4.3900715E-01  -3.3249764E-01   2.9264687E-01   2.1585443E-02   2.4634295E-01  -7.7230910E-02   2.7207119E-02   1.5523227E-01  -3.0025546E-03  -3.3552200E-02   6.9743449E-02
  4.2466999E-01  -3.9312997E-01   1.0000000E+00   1.8812139E-01   1.9455969E-02   5.8473794E-02   3.3729079E-02  -7.3155574E-02   1.6193905E-01   3.7479290E-01   1.3469341E-02   2.0884892E-03  -8.0494057E-03  -1.4511231E-02   1.0324371E-03   1.9354308E-02  -2.2862386E-02  -7.0009637E-02  -3.2754811E-02  -1.3330076E-02  -1.0476558E-02   3.7782006E-03  -1.0737862E-03  -2.3157096E-03  -2.5073988E-04   2.3864050E-02   2.8745140E-02  -1.1181693E-02   2.7148934E-02   4.9702055E-03  -2.2486994E-03   7.6550121E-03   4.0683392E-03  -9.2047260E-03  -1.5896821E-02  -3.6655037E-02  -4.9168313E-02  -1.0488376E-02  -6.7759740E-03   1.4990124E-01   1.9300098E-01  -1.9300098E-01  -3.7015693E-01   4.8797350E-02   4.0431501E-02  -2.5497896E-01  -1.1615934E-01  -7.3811262E-02  -5.6775105E-02   1.6988498E-01   1.6220434E-01  -1.5963640E-01  -1.6168699E-01   1.1498919E-01   4.7515230E-02   1.8810664E-01   2.6278333E-01   3.7479290E-01   4.2394501E-01   4.2394172E-01  -4.2443537E-01  -3.1632740E-01  -4.5636434E-01   3.0486028E-01   9.9892587E-01   1.7247845E-01   3.6517514E-01   2.4657492E-01  -8.8056555E-02  -1.4235806E-01  -3.7015682E-01  -3.7015973E-01   4.2012409E-01   4.1540785E-01   2.6257520E-01   2.3023769E-01  -1.9661854E-01  -9.0795890E-03  -9.2171030E-02   9.5808830E-02  -1.2526967E-02  -4.0664284E-02   5.3570991E-03   2.5297997E-02  -2.3659395E-02
  3.3886748E-01  -3.7416723E-01   1.8812139E-01   1.0000000E+00  -2.7519357E-03   1.7094469E-02   2.9072985E-02   6.7455727E-02   9.8200920E-01   4.2351679E-01  -3.0638875E-02  -3.3484585E-05  -7.6906593E-03  -1.1714051E-01   6.1319041E-02   9.2966734E-02  -1.2228018E-01  -1.3485357E-01   2.9182440E-02   7.0808554E-02  -1.4024486E-01  -5.3537613E-03  -3.0163751E-02  -3.9635749E-02  -1.5670829E-02   2.7604427E-02   3.8065773E-02   5.4600547E-03   3.3539237E-02  -1.5496217E-02   1.7429830E-03  -1.2821541E-02  -1.0742552E-02  -2.4974428E-03  -1.9431225E-02  -2.5947501E-02  -3.1919522E-02  -4.8670819E-04  -6.7442065E-02   3.4973743E-02   7.8800658E-02  -7.8800658E-02  -3.5988008E-01  -6.5697898E-02   4.1148174E-01   4.1673849E-01   5.5674915E-01   6.2655095E-01   6.9775064E-01   9.9709500E-01   9.8174539E-01  -2.2317039E-01   1.4482961E-01  -9.1471010E-03  -1.1818045E-01  -4.4608597E-03   2.6867485E-01   4.2351679E-01   3.3942265E-01   3.3942273E-01  -3.3935856E-01  -6.2452317E-02  -3.9058426E-01   3.1484891E-01   1.7632490E-01   3.0018421E-01   2.7138844E-01   2.7160458E-01  -1.4479414E-01  -2.6524992E-01  -3.5988007E-01  -3.5987646E-01   3.7096059E-01   3.6652446E-01   7.7095046E-02   6.0722630E-02  -3.4485069E-02   1.1751914E-02   2.3820191E-01   3.7389988E-01  -1.9901243E-01   5.8877610E-01   1.0314127E-02   8.2831620E-03  -3.7293110E-02
  4.7569047E-02  -3.0858004E-02   1.9455969E-02  -2.7519357E-03   1.0000000E+00  -6.1956158E-01   1.7106256E-01  -1.7035726E-02  -5.4472094E-03   7.3986119E-03  -5.2294370E-03  -1.0050427E-01  -7.9997162E-02  -6.8163793E-03   2.4824135E-03   1.1268906E-02  -2.0914556E-03  -3.3675378E-03   6.6393720E-03   8.6596349E-03  -1.5599627E-03  -5.7720778E-03  -1.4804503E-02  -9.2310894E-03  -1.3394319E-02   7.4372334E-03  -1.0501921E-02  -9.1500764E-03  -1.4097451E-02   3.1607306E-03   2.3076809E-03  -1.6707190E-02   1.3427951E-03   2.8508045E-03   2.2863800E-03   5.7364595E-03  -1.0384429E-02   6.5685914E-03  -1.8137464E-02  -4.7041373E-01  -4.4540595E-01   4.4540595E-01  -2.7403183E-02  -4.8817082E-01  -3.8455100E-01   2.0623543E-01  -1.7624321E-01  -1.8021113E-01  -1.2924580E-02  -4.2574687E-03  -5.7403170E-03  -1.3394311E-02  -2.3370647E-03   2.6655477E-02  -2.3666836E-03   3.1811476E-03   6.1053170E-03   7.3986119E-03   4.7153367E-02   4.7155439E-02  -4.7641264E-02  -2.8886812E-02  -4.5474839E-02   1.8463653E-02   1.7458162E-02   1.6590173E-02   4.5355117E-02   1.1194519E-02   6.4905255E-03  -4.4398874E-02  -2.7403269E-02  -2.7406336E-02   2.9946548E-02   2.8835019E-02  -5.5357603E-02  -8.7131451E-02   3.4096444E-02  -3.4921396E-02  -2.5262182E-01  -3.3363167E-01  -1.6165143E-03  -1.4101321E-02  -4.7285004E-02   7.6175910E-03  -5.4769208E-03
  7.6674001E-02  -1.1703606E-01   5.8473794E-02   1.7094469E-02  -6.1956158E-01   1.0000000E+00  -5.1125677E-01  -1.2365102E-01   6.8870554E-03   8.4352982E-02   7.0627101E-03   2.6099344E-02   2.7852016E-02  -8.4546160E-03   1.0934990E-03  -5.1156495E-03  -5.7389010E-03  -5.3314379E-03  -3.4836694E-03   3.8340622E-03  -6.7132505E-03  -1.1274744E-02  -2.3211545E-03  -1.6049218E-02  -7.9740378E-03   5.9609920E-03   2.2005655E-02  -8.7207373E-04   2.4904318E-02   7.2143167E-03   6.7122018E-03   1.4086759E-02  -2.4973596E-03  -5.4317602E-03  -9.9480553E-03  -5.1806858E-03  -3.0073568E-03  -9.3842196E-04  -6.7696220E-03   4.1314047E-01   4.1432503E-01  -4.1432503E-01  -1.1596871E-01   3.8922564E-01   3.3310501E-01  -2.1773868E-01   1.3077269E-01   1.5112073E-01   8.3727187E-02   1.0443954E-02   6.8449517E-03  -5.5023472E-02  -8.5496154E-02   2.6242726E-02  -1.1802162E-02   9.8276916E-03   3.5735884E-02   8.4352982E-02   7.6649580E-02   7.6648343E-02  -7.6591595E-02  -3.2236925E-01  -1.0223632E-01   1.0982335E-01   5.6429786E-02   1.0542768E-01   5.0602965E-02   1.0182679E-01  -7.3205860E-02  -4.7303929E-02  -1.1596869E-01  -1.1596605E-01   1.1749594E-01   1.1720853E-01   4.5079194E-01   2.2090148E-01  -4.5233778E-01  -2.5157679E-01   2.3334358E-01   3.8635262E-01  -1.5214192E-02  -6.6864107E-02   8.8811981E-02  -9.8039727E-03  -3.3534357E-02
  2.5436595E-02  -5.0573266E-02   3.3729079E-02   2.9072985E-02   1.7106256E-01  -5.1125677E-01   1.0000000E+00  -2.4900799E-01   2.1761496E-02   5.7097181E-02  -1.7564705E-02  -2.4419782E-02  -1.0830315E-01  -9.6326006E-04   1.0596963E-02   1.3444885E-02  -1.4313367E-02  -1.0650688E-02   2.7818708E-03  -3.7379437E-03  -1.6845679E-02   1.0890203E-02   8.6336387E-03   1.8901512E-02   1.0361393E-02   7.4883028E-03  -2.8963061E-03   2.9618253E-04  -5.9035433E-04  -1.3539886E-02   2.0458919E-03  -1.1139082E-02  -7.3311195E-03   4.2126549E-03  -1.0694864E-02  -1.1252377E-03  -9.5655171E-03  -8.9217763E-03   7.7506362E-03  -5.4647417E-01  -5.1204506E-01   5.1204506E-01  -5.1004793E-02  -5.7245981E-01  -4.7337549E-01   1.9952237E-01  -2.4792886E-01  -2.5200543E-01  -1.2074552E-01   2.8067721E-02   2.1793559E-02  -4.1484974E-02   1.7830203E-03  -2.0048381E-02  -1.4311358E-02   8.4924891E-03   1.1819292E-02   5.7097181E-02   2.5150151E-02   2.5154030E-02  -2.5563969E-02   3.1854803E-01  -3.9011990E-02   5.0513114E-02   3.3433998E-02   4.7417881E-02   1.2952212E-02   4.8486023E-02  -3.9101697E-02  -8.7247415E-03  -5.1004730E-02  -5.1014355E-02   5.1518164E-02   5.1698685E-02  -3.1707392E-01   4.9664444E-01   5.9348255E-01   9.3710172E-01  -7.8256063E-01  -5.1705696E-01   2.7740792E-03   1.0394442E-01  -2.2646881E-01   8.8064191E-03   3.1279363E-02
 -8.1349425E-02   4.6346872E-02  -7.3155574E-02   6.7455727E-02  -1.7035726E-02  -1.2365102E-01  -2.4900799E-01   1.0000000E+00   7.3119472E-02  -5.9295365E-02   1.9126395E-02  -1.4603138E-03   1.8701258E-02   2.6967366E-02  -1.8880320E-02  -1.2282050E-02   3.3128916E-02   2.2886129E-02  -6.9165174E-03  -2.0264186E-02   3.5380863E-02  -1.4016312E-03   6.6593299E-03   3.0180084E-03  -1.3682226E-03  -2.7232819E-02  -2.6419809E-02   2.2169485E-04  -4.2348503E-03   2.5933855E-03   1.1413913E-03   1.5172876E-02   1.2608284E-02   1.0334061E-03   5.2006043E-03  -1.2527371E-02  -4.5364799E-04  -7.2167477E-03   8.9735247E-05  -3.7354105E-01  -3.7258027E-01   3.7258027E-01   4.0009377E-02  -3.6989500E-01  -3.5243491E-01   1.1498025E-01  -2.0593502E-01  -2.1976318E-01  -2.2313827E-01   7.7854319E-02   7.3497319E-02   2.0479879E-02   1.1507224E-01  -9.1311867E-03   1.0762478E-02  -5.6836801E-03  -5.5981717E-02  -5.9295365E-02  -8.0705280E-02  -8.0707449E-02   8.1346927E-02   6.4736730E-01   7.5023273E-02  -2.4284105E-02  -7.0582365E-02  -1.5015372E-02  -7.9652356E-02  -1.1528623E-02  -1.8822101E-02   6.6347961E-02   4.0009151E-02   4.0016985E-02  -4.6935412E-02  -4.5016361E-02  -6.8534754E-01  -8.1990484E-01   5.0853363E-01  -1.5767583E-01   7.6791947E-02  -4.1221130E-01   4.0672915E-02   7.9306596E-02   6.3800283E-02  -6.5661415E-04   6.2363408E-02
  3.0371390E-01  -2.7949837E-01   1.6193905E-01   9.8200920E-01  -5.4472094E-03   6.8870554E-03   2.1761496E-02   7.3119472E-02   1.0000000E+00   3.4582622E-01   1.2140959E-01  -3.5406540E-04  -7.2327491E-03  -1.1503439E-01   6.8187933E-02   9.1974203E-02  -1.1537342E-01  -1.1966389E-01   4.4176557E-02   9.0080837E-02  -1.5122782E-01  -9.9755200E-03  -4.0170282E-02  -4.2365787E-02  -9.8739953E-03   2.3633154E-02   2.8715733E-02   6.7980179E-03   3.3645018E-02  -1.7836181E-02   3.9547515E-03  -1.1704137E-02  -8.8471769E-03  -1.3936678E-03  -1.4318072E-02  -2.2484487E-02  -2.3146394E-02   9.9050237E-03  -6.7235156E-02   1.5020821E-02   4.6769553E-02  -4.6769553E-02  -2.6295778E-01  -5.8797312E-02   4.3751465E-01   5.0260602E-01   6.2635135E-01   6.8674284E-01   7.6171615E-01   9.8168574E-01   9.9972613E-01  -3.5086819E-02   2.8591169E-01   1.1757739E-01   4.9966029E-02   1.2565580E-01   3.7548228E-01   3.4582622E-01   3.0421570E-01   3.0421536E-01  -3.0415762E-01  -3.4271379E-02  -3.2604208E-01   2.1589068E-01   1.5085938E-01   2.0155991E-01   2.6191157E-01   1.7407111E-01  -6.0282574E-02  -2.5354161E-01  -2.6295775E-01  -2.6295395E-01   2.7600037E-01   2.7083692E-01   3.5354506E-02   2.8462157E-02  -8.2133711E-03   1.1669518E-02   2.7880091E-01   3.8561888E-01  -2.0349477E-01   6.3035447E-01   1.2767598E-02   1.2812965E-02  -3.0367864E-02
  4.9351063E-01  -7.5056011E-01   3.7479290E-01   4.2351679E-01   7.3986119E-03   8.4352982E-02   5.7097181E-02  -5.9295365E-02   3.4582622E-01   1.0000000E+00   1.0969290E-02  -1.9740782E-03  -8.1950113E-03  -1.8537270E-01   1.0456036E-01   1.2821228E-01  -2.1152452E-01  -2.1140411E-01   4.6993854E-02   1.1527535E-01  -2.3048306E-01   3.2560673E-02  -2.6954041E-02  -3.2848399E-02   1.2115987E-02   1.2186287E-01   1.5199519E-01  -8.6109186E-03   1.1760646E-01  -1.6910572E-02   6.1520496E-03  -5.4322901E-03   2.8839285E-03  -4.1701812E-03  -1.6561040E-02  -4.0081485E-02  -5.5016999E-02  -4.2855966E-02  -8.0586374E-02   1.8506254E-01   2.7617344E-01  -2.7617344E-01  -7.4350649E-01  -2.0736654E-02   8.4845856E-02  -3.2903415E-01  -1.2479556E-01  -3.5085051E-02  -1.2885603E-01   3.9834465E-01   3.4637169E-01  -4.5629884E-01  -6.8983723E-01  -2.1223193E-01  -4.2804935E-02   3.1571522E-01   4.8566439E-01   1.0000000E+00   4.9293278E-01   4.9293356E-01  -4.9343562E-01  -2.8372612E-01  -6.5676884E-01   7.0291439E-01   3.6095645E-01   6.7484012E-01   3.2613976E-01   6.5127911E-01  -4.6753568E-01  -3.0603496E-01  -7.4350654E-01  -7.4350763E-01   7.5192408E-01   7.5002632E-01   3.4478547E-01   2.7915121E-01  -2.2864185E-01  -1.9587899E-03  -1.1515839E-01   1.5741521E-01   4.1911450E-04  -2.9315703E-01  -5.3898303E-03   2.4821303E-02  -7.9974722E-02
  3.1104188E-02  -1.2486209E-02   1.3469341E-02  -3.0638875E-02  -5.2294370E-03   7.0627101E-03  -1.7564705E-02   1.9126395E-02   1.2140959E-01   1.0969290E-02   1.0000000E+00  -2.0442986E-03  -1.7844966E-05   4.7281953E-02   1.1527388E-02   3.8751840E-03   4.6514508E-02   2.4993073E-02   2.2790486E-02   5.0565120E-02  -1.1711836E-02   3.7111184E-03  -6.0181649E-03   2.2445254E-03   3.8158523E-02   5.1402660E-02   2.3042243E-02   7.8895331E-03   5.9553621E-02  -1.0049699E-02   1.2833681E-02   2.7816686E-03   1.2569661E-02   5.1274957E-03   2.0171592E-02  -3.4302693E-03   1.5002634E-02   7.5257789E-03  -2.6437585E-03  -8.8015532E-04  -6.6934363E-04   6.6934363E-04  -9.7129426E-03  -3.9791596E-03   5.4556419E-02   7.2334777E-02   8.3527323E-02   8.8359633E-02   1.0032559E-01  -3.3232303E-02   1.2170310E-01   7.8886213E-01   4.5576922E-01   7.4729689E-01   9.3509920E-01   8.5741651E-01   7.3907090E-01   1.0969290E-02   3.0416733E-02   3.0412648E-02  -3.0722374E-02   8.6271179E-03  -2.6190633E-02   3.1491752E-03   1.2246496E-02   1.5077078E-03   3.2344228E-02  -2.0030727E-03   1.3488073E-02  -3.0141236E-02  -9.7129104E-03  -9.7120581E-03   1.2334119E-02   1.1429952E-02  -8.9132358E-03  -1.9849393E-02   3.6467287E-03  -1.2779345E-02   4.9451022E-02   4.5863073E-02  -1.9831444E-03  -1.8151588E-02   1.7081875E-02   7.8947443E-02  -6.9628489E-03
 -4.4378427E-03   9.6204500E-04   2.0884892E-03  -3.3484585E-05  -1.0050427E-01   2.6099344E-02  -2.4419782E-02  -1.4603138E-03  -3.5406540E-04  -1.9740782E-03  -2.0442986E-03   1.0000000E+00  -4.7547306E-02   2.1505509E-03  -8.2494028E-04  -2.1330496E-03  -1.3867658E-02  -1.3185481E-02  -1.2056680E-02  -9.7659759E-03   1.6649901E-02   1.1977572E-02   7.3545849E-03  -6.3102831E-04  -2.6397585E-03   7.2484362E-03   7.0649549E-03   7.2415656E-03  -3.1346230E-03  -2.1104667E-03   4.6112890E-03  -6.3873311E-03  -1.1395566E-02   1.1124178E-03   6.3508785E-03  -1.1597750E-02  -5.9491507E-03  -5.7027006E-03   2.2886387E-03   8.5006000E-02   8.1383368E-02  -8.1383368E-02   5.1171260E-04   8.6940501E-02   6.9187565E-02  -3.8508636E-02   3.0940814E-02   3.2169063E-02   6.5091668E-03   6.4713550E-04  -5.6414640E-04  -1.6400159E-03  -1.8829085E-03  -2.7077430E-03  -3.1939535E-03  -4.5608999E-03  -4.2845771E-03  -1.9740782E-03  -4.3860198E-03  -4.3934017E-03   4.4524409E-03  -1.4381929E-02   3.4055581E-03   5.7186482E-04   2.3186683E-03   2.6098250E-04  -4.9014954E-03   1.3634500E-03  -2.9554017E-03   5.6368404E-03   5.1157792E-04   5.1128881E-04  -7.0126162E-04  -5.3967108E-04   1.4833832E-02  -5.0102463E-03  -2.0012879E-02  -2.2403058E-02   5.8784394E-02   6.2521819E-02  -8.3978438E-03  -6.4250623E-03   1.5636804E-02   1.0188222E-03  -1.0148412E-02
 -1.2362490E-02   1.1868931E-02  -8.0494057E-03  -7.6906593E-03  -7.9997162E-02   2.7852016E-02  -1.0830315E-01   1.8701258E-02  -7.2327491E-03  -8.1950113E-03  -1.7844966E-05  -4.7547306E-02   1.0000000E+00   2.3265727E-03  -8.9031238E-04  -4.8987611E-04   1.6119985E-06   1.6037987E-03  -6.2595123E-03  -4.5356050E-03   6.1578756E-03   1.4837343E-03  -7.5974116E-03   2.9179527E-03  -5.6649459E-04  -1.1036829E-02   7.5807870E-03  -5.3933092E-03   1.5383475E-02  -1.1003560E-02  -2.9018728E-03  -7.4793733E-03  -8.2704097E-03   1.1656840E-03  -7.8140962E-03   3.9782252E-03  -6.8453115E-03  -3.4184861E-03  -6.2229005E-03   1.2936629E-01   1.2156556E-01  -1.2156556E-01   1.1228665E-02   1.3531706E-01   1.0831258E-01  -5.2272376E-02   5.2936927E-02   5.3755261E-02   1.5744753E-02  -7.7380470E-03  -7.1299673E-03   3.3417845E-03  -4.6607662E-03  -6.6708206E-03  -2.6314127E-03  -5.9281621E-03  -6.8533401E-03  -8.1950113E-03  -1.2637718E-02  -1.2641749E-02   1.2550143E-02  -4.3472222E-02   1.3609931E-02  -9.3604558E-03  -7.7034495E-03  -8.5724397E-03  -1.0364705E-02  -7.6903300E-03   2.9553731E-03   9.9971656E-03   1.1228586E-02   1.1230500E-02  -1.1706337E-02  -1.1521385E-02   3.6486912E-02  -6.3958062E-02  -7.1570277E-02  -1.1576878E-01   1.3444757E-01   1.0500680E-01  -2.2362259E-03  -1.3530751E-02   7.7556529E-02  -9.5533021E-03  -5.9403787E-03
 -1.1783439E-01   5.4420986E-02  -1.4511231E-02  -1.1714051E-01  -6.8163793E-03  -8.4546160E-03  -9.6326006E-04   2.6967366E-02  -1.1503439E-01  -1.8537270E-01   4.7281953E-02   2.1505509E-03   2.3265727E-03   1.0000000E+00  -2.7617824E-01  -1.4038625E-01   2.3517526E-01  -7.1841313E-03  -3.4091957E-01  -8.5007751E-01   3.9401230E-02  -4.5556350E-03  -1.0108668E-04  -7.2708831E-02  -3.7453883E-01  -1.2545901E-02  -3.1128458E-02   6.4040609E-04  -2.8731674E-02   4.6309559E-03  -5.1200027E-03  -4.5197274E-03  -5.7125911E-03   2.5396992E-03   2.5917153E-03   1.0178574E-03   4.1423897E-04  -5.8050350E-02   4.6397897E-01  -3.3885460E-02  -3.8851605E-02   3.8851605E-02   4.4390817E-02  -2.2026120E-02  -7.8298897E-02  -4.2785149E-02  -8.4986841E-02  -9.4287146E-02  -6.5244409E-02  -1.1356064E-01  -1.1514193E-01   2.6186673E-02   1.0220126E-01   5.2090089E-02  -2.6255506E-02  -1.0394355E-01  -1.6088119E-01  -1.8537270E-01  -1.1791163E-01  -1.1790757E-01   1.1784258E-01   6.2145681E-02   1.0318049E-01  -1.9629680E-02  -8.8388801E-03  -1.9021550E-02  -1.1950574E-01  -4.6309221E-04  -4.3662909E-02   1.2478692E-01   4.4390918E-02   4.4391236E-02  -5.0731615E-02  -4.7434381E-02  -4.9694952E-02  -4.1481582E-02   4.4096036E-02   9.2093054E-03  -3.9786189E-02  -7.8009813E-02  -1.5069554E-02   6.1999525E-03  -8.0402041E-03   3.7139525E-02  -1.3352060E-02
  5.4661488E-02  -2.2105347E-02   1.0324371E-03   6.1319041E-02   2.4824135E-03   1.0934990E-03   1.0596963E-02  -1.8880320E-02   6.8187933E-02   1.0456036E-01   1.1527388E-02  -8.2494028E-04  -8.9031238E-04  -2.7617824E-01   1.0000000E+00  -1.1171325E-01  -8.0793055E-02   4.7683986E-01   6.9567920E-01   2.6728513E-01   8.1331168E-02  -5.3994207E-03   2.1268225E-02   9.4394886E-02   5.5636104E-02   1.2149140E-02   6.3310731E-03  -1.1754007E-02   8.3230841E-03  -2.4990697E-02   8.7152773E-06  -6.0774761E-03  -4.5108133E-03   3.3690509E-03   5.5140554E-03  -2.3242842E-03   3.2659194E-03   4.0310124E-02  -4.8160997E-02   1.0829449E-02   1.2209207E-02  -1.2209207E-02  -1.7242411E-02   6.0188394E-03   4.2615940E-02   3.6907927E-02   5.3996093E-02   5.8505095E-02   4.0965411E-02   5.9888425E-02   6.8275332E-02   2.7461797E-02  -3.8313576E-02  -2.1094917E-03   6.1521250E-02   1.0098094E-01   1.2594167E-01   1.0456036E-01   5.4257132E-02   5.4262399E-02  -5.4636967E-02  -2.5399975E-02  -4.6421518E-02   5.4409773E-03  -1.6364062E-03   5.8471053E-03   5.6577542E-02  -3.6275676E-03   2.4036118E-02  -6.0040954E-02  -1.7242321E-02  -1.7242581E-02   2.0304258E-02   1.8676495E-02   2.0475597E-02   2.6325418E-02  -1.4572478E-02   6.6102107E-03   1.8274196E-02   4.0214499E-02   8.7103513E-03  -4.8651618E-03   7.8967947E-03  -3.0110555E-02   7.3575053E-03
  8.9184156E-02  -4.3604015E-02   1.9354308E-02   9.2966734E-02   1.1268906E-02  -5.1156495E-03   1.3444885E-02  -1.2282050E-02   9.1974203E-02   1.2821228E-01   3.8751840E-03  -2.1330496E-03  -4.8987611E-04  -1.4038625E-01  -1.1171325E-01   1.0000000E+00  -5.4649224E-01  -2.6235344E-01   3.8980766E-01   3.1059888E-01  -5.3792167E-01  -5.1579024E-02   8.3033890E-03   2.8489987E-01   1.4642946E-01   3.4423483E-03   1.8719723E-02   7.2775405E-03   1.6972994E-02  -4.9090555E-03  -4.8655806E-03   6.0110903E-04  -1.5918414E-02  -7.8493502E-04  -1.6062649E-02  -9.1859961E-03  -1.9708740E-03   1.0958271E-01  -1.2636583E-01   8.3009917E-03   1.2761641E-02  -1.2761641E-02  -3.6174004E-02  -1.6892703E-03   4.2985641E-02   3.6715136E-02   5.4266909E-02   6.1177801E-02   4.6649367E-02   9.1361301E-02   9.1679150E-02  -1.7294616E-02  -6.0725076E-02  -2.7006891E-02   2.0811534E-02   7.4033157E-02   1.1443396E-01   1.2821228E-01   8.9211130E-02   8.9203683E-02  -8.9127931E-02  -3.0086706E-02  -7.9025121E-02   1.7732409E-02   1.5238363E-02   1.6149103E-02   8.9813636E-02   3.3472054E-03   3.0023792E-02  -9.1545452E-02  -3.6174103E-02  -3.6174710E-02   4.1206231E-02   3.8782948E-02   2.1423353E-02   2.6110665E-02  -1.5013417E-02   5.8305547E-03   1.6349884E-02   4.1536903E-02  -1.6655636E-01  -6.1935144E-03  -4.7552716E-03   9.5008810E-02  -1.6802794E-01
 -1.0279418E-01   5.6583424E-02  -2.2862386E-02  -1.2228018E-01  -2.0914556E-03  -5.7389010E-03  -1.4313367E-02   3.3128916E-02  -1.1537342E-01  -2.1152452E-01   4.6514508E-02  -1.3867658E-02   1.6119985E-06   2.3517526E-01  -8.0793055E-02  -5.4649224E-01   1.0000000E+00   2.9624554E-01  -2.3059373E-01  -2.3757380E-01   1.9801486E-01  -6.8198919E-02   5.9243946E-02  -1.0654889E-01  -8.2066560E-02  -1.7776212E-02  -3.1273824E-02   1.0126637E-02  -3.2803471E-02   1.8242738E-02  -2.5129500E-03   5.0147226E-04   4.9712306E-03  -3.5827526E-03   7.2716782E-03  -1.8642052E-04   6.2843047E-03   2.9650714E-01   1.0441006E-01  -2.5703638E-02  -3.1744631E-02   3.1744631E-02   4.8442645E-02  -1.2526446E-02  -7.1607661E-02  -4.5201646E-02  -8.1267055E-02  -9.0934097E-02  -5.3010418E-02  -1.1920323E-01  -1.1553152E-01   5.1624693E-02   1.3830369E-01   9.5619162E-02  -4.0346033E-03  -9.2470396E-02  -1.5286658E-01  -2.1152452E-01  -1.0289925E-01  -1.0289792E-01   1.0279791E-01   4.9579061E-02   9.3859414E-02  -2.7957234E-02  -1.8324909E-02  -2.6272840E-02  -1.0103763E-01  -1.1750915E-02  -2.6725318E-02   1.0374799E-01   4.8442830E-02   4.8441794E-02  -5.3931561E-02  -5.1269786E-02  -4.3157318E-02  -4.7372128E-02   3.2222327E-02  -6.1360426E-03  -2.8610297E-02  -7.0072529E-02   1.7695458E-01   2.6307106E-02   3.6635718E-03  -1.6809686E-01   1.8392260E-01
 -2.0736071E-01   1.3115052E-01  -7.0009637E-02  -1.3485357E-01  -3.3675378E-03  -5.3314379E-03  -1.0650688E-02   2.2886129E-02  -1.1966389E-01  -2.1140411E-01   2.4993073E-02  -1.3185481E-02   1.6037987E-03  -7.1841313E-03   4.7683986E-01  -2.6235344E-01   2.9624554E-01   1.0000000E+00   5.7545770E-01   2.0231040E-01  -2.1961696E-01  -1.3964015E-02  -6.7483335E-02   1.2118078E-01   7.4229034E-02  -2.3508479E-02  -4.0686852E-02  -2.7342186E-04  -2.8721624E-02  -1.4717974E-02  -1.7505779E-03  -5.3167697E-03   4.5132653E-03   8.6053361E-03   1.8286091E-02   1.0372118E-02   2.0384979E-02   1.7957018E-02   1.9888515E-02  -5.3380558E-02  -6.7223672E-02   6.7223672E-02   1.1586594E-01  -2.1923903E-02  -6.0050868E-02   2.7392051E-02  -3.0470009E-02  -4.6597755E-02  -3.0354929E-02  -1.2672008E-01  -1.2011980E-01   9.6010318E-02   1.2189629E-01   3.3103241E-02   2.1114693E-02  -7.2499178E-02  -1.4086990E-01  -2.1140411E-01  -2.0756353E-01  -2.0755608E-01   2.0736752E-01   8.7790531E-02   1.9680240E-01  -7.6544706E-02  -6.1256015E-02  -7.0358963E-02  -1.9821372E-01  -4.4781179E-02  -3.2881505E-02   1.9869121E-01   1.1586608E-01   1.1586798E-01  -1.2665689E-01  -1.2174565E-01  -7.3090212E-02  -6.1930339E-02   5.8651178E-02   7.8485760E-03  -1.0661413E-02  -6.9275411E-02   5.6884683E-02   1.1261319E-02   6.7887478E-03  -1.3454512E-01   5.9887991E-02
 -3.1986362E-02   4.1695084E-02  -3.2754811E-02   2.9182440E-02   6.6393720E-03  -3.4836694E-03   2.7818708E-03  -6.9165174E-03   4.4176557E-02   4.6993854E-02   2.2790486E-02  -1.2056680E-02  -6.2595123E-03  -3.4091957E-01   6.9567920E-01   3.8980766E-01  -2.3059373E-01   5.7545770E-01   1.0000000E+00   6.0823308E-01  -4.6630052E-01  -3.5691102E-02  -1.0492637E-02   1.1138453E-01   7.1735314E-02  -2.3026158E-03   3.8839766E-04  -5.3090730E-04   6.0327830E-03  -2.5517858E-02  -4.0196501E-03  -3.7352936E-03  -7.1458818E-03   5.0728896E-03   3.8269011E-03  -3.6668902E-03   1.1313476E-02   9.2793610E-02  -1.7968292E-01  -1.6470808E-02  -2.1782180E-02   2.1782180E-02   4.0773037E-02  -5.4361337E-03   3.2921525E-02   7.8433577E-02   7.0513854E-02   6.8279131E-02   4.8788466E-02   3.2025007E-02   4.3892115E-02   7.3565490E-02  -3.8408228E-03  -1.0234185E-02   8.0007566E-02   9.2534533E-02   9.8452349E-02   4.6993854E-02  -3.2266186E-02  -3.2266411E-02   3.2047502E-02   1.4413234E-02   3.9689036E-02  -3.7249531E-02  -3.1975300E-02  -3.3937360E-02  -2.3128078E-02  -3.3548496E-02   2.1525046E-02   1.9453143E-02   4.0773056E-02   4.0773418E-02  -4.1921901E-02  -4.1695722E-02  -1.5450046E-02  -6.4510313E-03   1.2263727E-02   6.7998697E-03   2.9387386E-02   2.3280853E-02  -6.2235858E-02  -2.8539929E-03   7.8872531E-03  -4.8794460E-02  -6.2940350E-02
  2.9142511E-02   6.6211042E-03  -1.3330076E-02   7.0808554E-02   8.6596349E-03   3.8340622E-03  -3.7379437E-03  -2.0264186E-02   9.0080837E-02   1.1527535E-01   5.0565120E-02  -9.7659759E-03  -4.5356050E-03  -8.5007751E-01   2.6728513E-01   3.1059888E-01  -2.3757380E-01   2.0231040E-01   6.0823308E-01   1.0000000E+00  -3.7189314E-01  -1.5772975E-02  -8.0554945E-03  -1.5668469E-02   1.8208826E-01   1.3317410E-03   1.8548512E-02   6.1349518E-03   2.3457854E-02  -1.2466842E-02  -1.1191196E-03   6.4752007E-03   7.3706711E-03  -1.0097199E-03   3.8825999E-03   3.7402547E-03   7.6318295E-03   8.1670369E-02  -4.8657111E-01   1.0699656E-02   9.0648130E-03  -9.0648130E-03   1.0444748E-02   1.3798856E-02   7.0143045E-02   7.9374555E-02   9.9805009E-02   1.0271002E-01   7.5790953E-02   7.0886634E-02   8.9985812E-02   9.0185377E-02  -2.0042341E-02   1.4663262E-02   1.2592491E-01   1.6374597E-01   1.8656195E-01   1.1527535E-01   2.9162088E-02   2.9159250E-02  -2.9114312E-02  -2.6018437E-02  -1.6869342E-02  -1.8991439E-02  -1.5265398E-02  -1.7448990E-02   3.6424785E-02  -2.4845942E-02   3.5765712E-02  -4.0472259E-02   1.0444594E-02   1.0444756E-02  -8.3682622E-03  -9.6581511E-03   1.8630233E-02   1.4972373E-02  -1.9991706E-02  -6.8206353E-03   4.8894023E-02   6.3159498E-02  -1.7542979E-02  -3.6719903E-03   8.2510076E-03  -6.5425634E-02  -1.8526408E-02
 -1.1239616E-01   3.8839243E-02  -1.0476558E-02  -1.4024486E-01  -1.5599627E-03  -6.7132505E-03  -1.6845679E-02   3.5380863E-02  -1.5122782E-01  -2.3048306E-01  -1.1711836E-02   1.6649901E-02   6.1578756E-03   3.9401230E-02   8.1331168E-02  -5.3792167E-01   1.9801486E-01  -2.1961696E-01  -4.6630052E-01  -3.7189314E-01   1.0000000E+00   2.5552506E-02  -8.0691807E-03  -1.7728575E-01  -9.0470349E-02  -1.1618961E-02  -3.2211367E-02  -8.5942321E-03  -2.6442847E-02   1.6198326E-02   5.9079708E-03  -4.9172848E-03  -1.4454459E-03   5.1894044E-04   2.5819796E-03   1.0293126E-02  -5.8090025E-03  -5.3551450E-02   4.4253158E-02  -2.3027967E-02  -2.6695243E-02   2.6695243E-02   2.8397603E-02  -1.5456892E-02  -9.7515857E-02  -8.8492175E-02  -1.2621978E-01  -1.3520195E-01  -9.2650571E-02  -1.3930337E-01  -1.5069638E-01  -3.8358897E-02   1.0095845E-01   3.6868805E-02  -1.0621672E-01  -1.9605507E-01  -2.5565243E-01  -2.3048306E-01  -1.1260312E-01  -1.1260542E-01   1.1253732E-01   5.2160944E-02   9.2840449E-02  -3.2540083E-03  -4.8894745E-03  -2.6628604E-03  -1.1862286E-01   1.5766960E-02  -5.8041525E-02   1.2346580E-01   2.8397662E-02   2.8397577E-02  -3.5155202E-02  -3.1734613E-02  -3.9944265E-02  -4.9456120E-02   3.0679464E-02  -9.4597120E-03  -4.7983744E-02  -9.0734730E-02   8.1091543E-02   2.3807594E-02   8.4052961E-03   9.9066348E-02   8.7511307E-02
  1.3388916E-02  -1.2368597E-02   3.7782006E-03  -5.3537613E-03  -5.7720778E-03  -1.1274744E-02   1.0890203E-02  -1.4016312E-03  -9.9755200E-03   3.2560673E-02   3.7111184E-03   1.1977572E-02   1.4837343E-03  -4.5556350E-03  -5.3994207E-03  -5.1579024E-02  -6.8198919E-02  -1.3964015E-02  -3.5691102E-02  -1.5772975E-02   2.5552506E-02   1.0000000E+00   1.2041872E-01   2.6685611E-02   2.8202142E-02   1.5057341E-02   7.1022216E-03  -6.9856238E-03   6.2609859E-03   5.1695023E-03  -3.1417871E-03  -1.1063122E-03  -8.5305895E-04  -2.3770850E-03   4.8871162E-03  -7.8211933E-03  -1.1480817E-02   2.0324915E-01   6.0091194E-03   7.2187365E-03   8.7440209E-03  -8.7440209E-03  -1.1642742E-02   4.0911508E-03  -3.9344077E-03  -1.9029069E-02  -1.3975648E-02  -1.3070753E-02  -2.3466825E-02  -5.2319602E-03  -1.0277069E-02  -2.3178903E-02  -4.2211220E-02  -2.6816670E-02  -1.3032938E-02   2.9044333E-03   6.8053797E-03   3.2560673E-02   1.3319299E-02   1.3322592E-02  -1.3357230E-02  -1.6038240E-03  -1.4310584E-02   9.5619208E-03   3.1917982E-03   9.4295838E-03   1.1261312E-02   7.7519935E-03  -2.7124384E-03  -1.2085063E-02  -1.1642883E-02  -1.1642817E-02   1.2070116E-02   1.1831344E-02   4.4409506E-04   4.8393626E-03   2.5141195E-03   6.0175652E-03  -7.7399594E-03  -3.3143390E-03   5.6607682E-03  -3.8285374E-02   5.6318546E-04   2.2123926E-02  -4.8446070E-03
 -3.0321512E-02   4.0060411E-03  -1.0737862E-03  -3.0163751E-02  -1.4804503E-02  -2.3211545E-03   8.6336387E-03   6.6593299E-03  -4.0170282E-02  -2.6954041E-02  -6.0181649E-03   7.3545849E-03  -7.5974116E-03  -1.0108668E-04   2.1268225E-02   8.3033890E-03   5.9243946E-02  -6.7483335E-02  -1.0492637E-02  -8.0554945E-03  -8.0691807E-03   1.2041872E-01   1.0000000E+00   3.2994204E-01   1.2062722E-01   1.0919903E-03   3.0471941E-03   3.5926610E-03  -9.9476715E-03   9.3955908E-03  -2.4442631E-03   1.1517240E-02  -1.5419114E-02  -6.2018354E-03  -3.0042653E-03  -1.1155448E-03   7.7277853E-03  -2.0214000E-01  -8.8368655E-02  -5.2587602E-03  -5.7332482E-03   5.7332482E-03   7.5666044E-04  -5.1936910E-03  -2.6766141E-02  -2.7279485E-02  -3.6426403E-02  -3.8058414E-02  -3.8147633E-02  -2.9407661E-02  -4.0178150E-02  -4.7751793E-02  -2.1695675E-02  -4.1509935E-02  -6.1181200E-02  -6.8487518E-02  -7.6105341E-02  -2.6954041E-02  -3.0241909E-02  -3.0240898E-02   3.0320399E-02   2.1402702E-02   2.2194751E-02   6.7480414E-03   4.9945011E-04   6.9062707E-03  -3.4055414E-02   1.2225675E-02  -2.3572734E-02   3.5242555E-02   7.5656895E-04   7.5689163E-04  -3.0489324E-03  -1.9697915E-03  -1.5579137E-02  -6.5372995E-03   1.7791391E-02   1.1549205E-02  -2.0322956E-02  -2.6417806E-02   7.4606759E-03  -2.2084083E-02   3.2943895E-03  -4.7547826E-03   1.3922178E-03
 -1.8899525E-02   8.4470113E-03  -2.3157096E-03  -3.9635749E-02  -9.2310894E-03  -1.6049218E-02   1.8901512E-02   3.0180084E-03  -4.2365787E-02  -3.2848399E-02   2.2445254E-03  -6.3102831E-04   2.9179527E-03  -7.2708831E-02   9.4394886E-02   2.8489987E-01  -1.0654889E-01   1.2118078E-01   1.1138453E-01  -1.5668469E-02  -1.7728575E-01   2.6685611E-02   3.2994204E-01   1.0000000E+00   8.4291865E-01  -9.3159183E-03  -7.9617173E-03   1.9636179E-03  -9.8169663E-03   1.8259423E-04  -6.9708670E-04   5.3905416E-03  -2.4923460E-03  -3.5297086E-03  -1.5624031E-03   5.3272778E-03   1.7209512E-02  -5.1021860E-03   4.2606732E-01  -9.2335382E-03  -1.1022508E-02   1.1022508E-02   6.8192050E-03  -7.5434049E-03  -3.1527936E-02  -2.5732634E-02  -3.9299432E-02  -4.1833194E-02  -3.9397017E-02  -3.9172444E-02  -4.2381916E-02  -8.9211073E-03   2.4241039E-03  -1.8164170E-03  -1.7545611E-02  -2.8302368E-02  -4.1912762E-02  -3.2848399E-02  -1.8833053E-02  -1.8831176E-02   1.8917777E-02   2.2772128E-02   1.6484123E-02  -2.8072743E-03  -1.4587799E-03  -2.6845901E-03  -1.9000647E-02   2.6361190E-04  -7.3517025E-03   2.0054012E-02   6.8193331E-03   6.8189142E-03  -7.8324308E-03  -7.3002993E-03  -2.1302091E-02  -5.5009033E-03   2.4204656E-02   1.8246771E-02  -2.5608550E-02  -3.2053534E-02  -3.0900886E-02  -1.4781241E-02  -4.0815615E-03   1.2422511E-02  -3.4909225E-02
  8.9456586E-03  -7.8579547E-04  -2.5073988E-04  -1.5670829E-02  -1.3394319E-02  -7.9740378E-03   1.0361393E-02  -1.3682226E-03  -9.8739953E-03   1.2115987E-02   3.8158523E-02  -2.6397585E-03  -5.6649459E-04  -3.7453883E-01   5.5636104E-02   1.4642946E-01  -8.2066560E-02   7.4229034E-02   7.1735314E-02   1.8208826E-01  -9.0470349E-02   2.8202142E-02   1.2062722E-01   8.4291865E-01   1.0000000E+00   1.0045477E-03   5.3721688E-03   2.4757856E-03   3.9197754E-03   2.9204746E-03   6.0430266E-03   4.9848922E-03   5.0276684E-03   2.2178146E-03   4.4721104E-03  -1.7109378E-04   1.6014609E-02   1.6254880E-02   4.2451572E-01   4.9826601E-03   3.9135496E-03  -3.9135496E-03   1.9915574E-04   5.0688708E-03  -3.4211036E-03  -1.1637551E-02  -9.4881503E-03  -9.9020352E-03  -1.6790834E-02  -1.6460775E-02  -9.7173868E-03   3.1996503E-02   2.4691745E-03   2.5596083E-02   4.3136095E-02   4.6921950E-02   4.0205241E-02   1.2115987E-02   9.0121065E-03   9.0126742E-03  -8.9175651E-03   5.5243074E-03  -6.3314795E-03  -2.4323946E-03  -7.7273721E-04  -2.3965486E-03   1.0319029E-02  -4.0772883E-03   7.4218872E-03  -1.0640346E-02   1.9928508E-04   1.9921674E-04   5.4613142E-04   2.1358233E-04  -7.4721794E-03   4.9518039E-04   9.1669264E-03   8.8517344E-03  -5.3148833E-03  -4.7581155E-03  -6.4629298E-03  -1.4886483E-02   1.5368005E-03   1.4697436E-02  -1.0530367E-02
  5.9981040E-02  -9.2050103E-02   2.3864050E-02   2.7604427E-02   7.4372334E-03   5.9609920E-03   7.4883028E-03  -2.7232819E-02   2.3633154E-02   1.2186287E-01   5.1402660E-02   7.2484362E-03  -1.1036829E-02  -1.2545901E-02   1.2149140E-02   3.4423483E-03  -1.7776212E-02  -2.3508479E-02  -2.3026158E-03   1.3317410E-03  -1.1618961E-02   1.5057341E-02   1.0919903E-03  -9.3159183E-03   1.0045477E-03   1.0000000E+00   3.0745411E-01   1.3653813E-03   7.8094503E-02  -4.4361562E-03  -1.1144433E-02  -8.5635080E-03  -1.0606919E-02   1.3199238E-03  -1.6782448E-02  -1.5697632E-02  -1.7433073E-02  -5.1060240E-03  -7.4189767E-03   3.6026674E-02   4.7634259E-02  -4.7634259E-02  -9.1248463E-02   1.0987651E-02   1.4947685E-02  -5.4849199E-02  -2.0044654E-02  -9.2284491E-03  -2.3264257E-02   2.3682603E-02   2.3817494E-02  -2.4187354E-02  -7.9205535E-02   3.2653435E-03   3.3236239E-02   7.4459616E-02   8.6766789E-02   1.2186287E-01   5.9848817E-02   5.9854059E-02  -5.9956711E-02  -5.2264490E-02  -8.0190998E-02   8.6363171E-02   2.1666191E-02   8.6152868E-02   3.9461419E-02   8.0126021E-02  -5.7803132E-02  -4.2942028E-02  -9.1248458E-02  -9.1248335E-02   9.1227252E-02   9.0949984E-02   5.9834927E-02   4.7103085E-02  -4.4876618E-02  -5.8385638E-03  -1.4352011E-02   2.6573115E-02  -2.3537466E-01  -5.8072512E-02  -1.4816097E-02   3.1180461E-01  -2.5098865E-01
  8.8507164E-02  -1.0700640E-01   2.8745140E-02   3.8065773E-02  -1.0501921E-02   2.2005655E-02  -2.8963061E-03  -2.6419809E-02   2.8715733E-02   1.5199519E-01   2.3042243E-02   7.0649549E-03   7.5807870E-03  -3.1128458E-02   6.3310731E-03   1.8719723E-02  -3.1273824E-02  -4.0686852E-02   3.8839766E-04   1.8548512E-02  -3.2211367E-02   7.1022216E-03   3.0471941E-03  -7.9617173E-03   5.3721688E-03   3.0745411E-01   1.0000000E+00   7.3672904E-04   3.5843834E-01   3.2804337E-04  -2.3303459E-04  -4.9931270E-03  -3.5876345E-04  -8.0165848E-03  -9.7378834E-03  -1.0839178E-02  -1.3295825E-02  -4.9134230E-03  -8.2756639E-03   5.1311839E-02   6.3098813E-02  -6.3098813E-02  -1.0389557E-01   2.2977132E-02   2.2716381E-02  -7.0176290E-02  -2.3059696E-02  -1.0774977E-02  -3.3007679E-02   3.4324625E-02   2.8474560E-02  -5.3254915E-02  -1.1263065E-01  -1.9627767E-02   1.2282505E-02   6.9944616E-02   9.1773195E-02   1.5199519E-01   8.8445070E-02   8.8441326E-02  -8.8495219E-02  -5.9878385E-02  -1.0593914E-01   9.3288727E-02   2.5500314E-02   9.2761263E-02   6.7544930E-02   8.2533264E-02  -4.9474474E-02  -7.2256471E-02  -1.0389564E-01  -1.0389464E-01   1.0550044E-01   1.0446252E-01   6.8635929E-02   4.9895920E-02  -5.3754523E-02  -1.2457171E-02  -8.6690297E-03   3.5679993E-02  -5.9943070E-02  -7.6069470E-02  -3.3403875E-03   8.2165539E-02  -8.0723317E-02
 -2.8043910E-03   1.6182577E-03  -1.1181693E-02   5.4600547E-03  -9.1500764E-03  -8.7207373E-04   2.9618253E-04   2.2169485E-04   6.7980179E-03  -8.6109186E-03   7.8895331E-03   7.2415656E-03  -5.3933092E-03   6.4040609E-04  -1.1754007E-02   7.2775405E-03   1.0126637E-02  -2.7342186E-04  -5.3090730E-04   6.1349518E-03  -8.5942321E-03  -6.9856238E-03   3.5926610E-03   1.9636179E-03   2.4757856E-03   1.3653813E-03   7.3672904E-04   1.0000000E+00  -3.4511687E-04   9.5175934E-04   2.9759875E-04   9.5684134E-03  -7.9430063E-03   5.9946985E-03  -6.9169607E-03  -7.1069018E-03   5.8961232E-03   3.0881103E-04  -1.4788273E-03   4.6193814E-03   3.4049809E-03  -3.4049809E-03   1.4013930E-03   5.0972796E-03   7.0091435E-03   2.7931712E-03   6.8695999E-03   6.9384164E-03   7.5760816E-03   5.5502449E-03   6.9100086E-03   6.2390426E-03   1.4213886E-02   9.0296878E-03   3.6095411E-03  -9.5634260E-04  -1.6050333E-03  -8.6109186E-03  -3.1294692E-03  -3.1313926E-03   2.9109930E-03   5.3004113E-03   2.6856095E-03  -7.5691999E-04  -1.1305675E-02   8.2774720E-04  -2.5894917E-03  -3.3182706E-04  -8.7177665E-04   2.4822054E-04   1.4012184E-03   1.4017523E-03  -1.7278853E-03  -1.7151817E-03  -3.8171074E-03  -3.1897562E-03   3.4401829E-03   7.0941490E-04   6.4793519E-03   5.0709388E-03   8.8537744E-02   1.1244754E-02   1.1852451E-02  -1.0688784E-01   9.1495496E-02
  6.7283869E-02  -7.5396250E-02   2.7148934E-02   3.3539237E-02  -1.4097451E-02   2.4904318E-02  -5.9035433E-04  -4.2348503E-03   3.3645018E-02   1.1760646E-01   5.9553621E-02  -3.1346230E-03   1.5383475E-02  -2.8731674E-02   8.3230841E-03   1.6972994E-02  -3.2803471E-02  -2.8721624E-02   6.0327830E-03   2.3457854E-02  -2.6442847E-02   6.2609859E-03  -9.9476715E-03  -9.8169663E-03   3.9197754E-03   7.8094503E-02   3.5843834E-01  -3.4511687E-04   1.0000000E+00  -1.3456096E-02   1.9506463E-03  -1.0877046E-02  -8.1095565E-03  -8.8671381E-03  -7.0078741E-03  -1.2907690E-02   3.3780347E-03  -3.9766547E-04  -1.5919204E-02   2.3091867E-02   3.1901631E-02  -3.1901631E-02  -7.2633032E-02   3.0033856E-03   1.0947399E-02  -3.6141729E-02  -1.2444689E-02  -3.7104554E-03  -1.9418135E-02   3.0718406E-02   3.3578890E-02  -3.8135829E-03  -6.3506538E-02   1.2558248E-02   5.0799702E-02   9.2551410E-02   1.0539633E-01   1.1760646E-01   6.7091097E-02   6.7088945E-02  -6.7216468E-02  -2.9576911E-02  -7.7892246E-02   6.3883491E-02   2.4746430E-02   6.2481931E-02   5.3577602E-02   5.5361746E-02  -3.0307007E-02  -5.4835782E-02  -7.2633040E-02  -7.2632945E-02   7.4502703E-02   7.3597067E-02   3.6444868E-02   3.0859571E-02  -2.5017924E-02  -2.5596076E-04  -1.0345260E-02   1.8301532E-02  -1.0751018E-02  -5.1471043E-02  -8.6244315E-03   2.4821383E-02  -2.4856713E-02
