# omegabh2 omegach2 theta tau binw1 logA ns calPlanck alpha_JLA beta_JLA acib217 xi asz143 aps100 aps143 aps143217 aps217 aksz kgal100 kgal143 kgal143217 kgal217 galfEE100 galfEE100143 galfEE100217 galfEE143 galfEE143217 galfEE217 galfTE100 galfTE100143 galfTE100217 galfTE143 galfTE143217 galfTE217 cal0 cal2
  2.3581601E-08  -1.3540297E-07   1.7670463E-08   9.8697820E-07   6.6039909E-07   1.7482067E-06   3.7027971E-07   1.5442241E-08   1.5776918E-08   6.4822465E-08  -9.9942749E-05   2.6331492E-06   2.8087045E-05  -4.0017045E-04  -2.3961846E-04  -3.2039693E-05   2.8205464E-05  -4.4998236E-05  -7.7469950E-06  -7.5377666E-06  -1.7427468E-05  -8.7723664E-06   4.7716017E-08   5.3186815E-08  -6.4682958E-08   4.5500630E-08   4.1730133E-08   2.1040514E-07  -1.0557605E-07  -1.1438024E-07  -3.2997477E-07  -3.6342370E-07  -1.8231813E-06  -3.2746387E-06   3.7350672E-09  -1.1462193E-08
 -1.3540297E-07   2.1246047E-06  -1.7550287E-07  -1.0535013E-05  -1.3632416E-05  -1.6060578E-05  -5.2313767E-06  -1.1742283E-07  -7.2008870E-08  -2.6753054E-07   4.4999821E-04   3.9005530E-07  -1.3992985E-04   1.8141823E-03   1.5300676E-03   6.9836027E-04   1.3910977E-04   1.2515750E-04   5.4999953E-05  -7.0951126E-07   8.8976169E-05   5.4469592E-05  -7.0643719E-07  -7.3837657E-07   4.2615062E-07  -8.4972795E-07  -8.6743545E-07  -1.5020254E-06   2.8029056E-07   1.0843327E-06  -5.0759901E-07   3.2545830E-06   9.3040451E-06   1.7947274E-05   1.5885824E-09   5.9444253E-08
  1.7670463E-08  -1.7550287E-07   9.7613241E-08   1.1574616E-06   1.0962133E-06   1.9948177E-06   5.7395631E-07   1.6900501E-08  -1.4397913E-08   7.3673235E-08  -6.9224692E-06   4.9373052E-07   1.3940835E-05  -1.5352004E-04  -1.0768414E-04  -3.5883815E-05  -3.7366916E-05  -2.1319611E-05  -4.1860526E-06   1.7212470E-06  -1.1387031E-05  -3.4692925E-05   5.8292754E-08   4.2071578E-08  -2.0637258E-07   3.7444798E-08  -1.7814271E-07   2.1330943E-07  -1.0213793E-07  -1.2069630E-07  -1.7239809E-07  -3.8930813E-07  -1.7551410E-06  -2.4882137E-06   1.1306403E-09  -3.7845006E-09
  9.8697820E-07  -1.0535013E-05   1.1574616E-06   2.8776385E-04   1.1096799E-04   5.4863256E-04   3.7027575E-05  -7.6306895E-07   3.3987970E-07  -1.7899448E-05  -1.4743057E-02   2.5263448E-04   2.4594424E-03  -5.3648903E-02  -1.8025425E-02   1.6930264E-03   1.3379841E-02  -4.6808476E-03  -7.9653125E-04  -5.3442297E-04  -1.9554579E-03   9.8623718E-06   3.0061162E-06   3.6604527E-06   2.9508822E-08   3.1543969E-06  -2.8970361E-06  -2.0284127E-06   6.5690899E-07  -6.2057909E-06  -2.5118008E-05  -2.2291919E-05  -7.0517663E-05  -1.4170085E-04   4.1904565E-09  -1.8035664E-06
  6.6039909E-07  -1.3632416E-05   1.0962133E-06   1.1096799E-04   2.9443056E-03   1.8624913E-04   3.6197694E-05   1.7263800E-06  -2.9297428E-05  -5.5209798E-04   5.8503077E-03  -1.0209159E-04   1.4721025E-03  -3.4399533E-03  -5.1169543E-03  -3.8922413E-03  -1.2299261E-02  -5.4436007E-04  -7.2067085E-05   1.7943976E-03   5.7197469E-03   4.1755290E-03   4.5537063E-06   3.6850289E-06   2.6636617E-05   6.5427211E-06   2.1074347E-05   5.5034408E-05  -1.2690746E-05  -4.0478568E-05   5.8918291E-05  -6.3793103E-05  -1.8645245E-05  -5.1707527E-06  -8.0323563E-07   1.0302400E-06
  1.7482067E-06  -1.6060578E-05   1.9948177E-06   5.4863256E-04   1.8624913E-04   1.0833237E-03   6.0608488E-05   1.0512567E-05   6.4224202E-07  -3.6452757E-05  -2.8522005E-02   5.6706795E-04   4.7240143E-03  -9.8978735E-02  -3.1100263E-02   8.5121319E-03   3.3284981E-02  -1.0178775E-02  -1.8154012E-03  -1.5444490E-03  -4.2397604E-03   1.2239134E-03   5.0624151E-06   5.5253168E-06  -1.3806456E-07   5.7138440E-06  -8.5658435E-06  -2.8279142E-06   3.0553635E-06  -7.6610859E-06  -6.1733179E-05  -3.7456230E-05  -1.3228099E-04  -2.4770831E-04   2.5605707E-07  -3.5930419E-06
  3.7027971E-07  -5.2313767E-06   5.7395631E-07   3.7027575E-05   3.6197694E-05   6.0608488E-05   2.2335667E-05   5.5337923E-07   2.2008957E-07   2.2618730E-06  -5.3297242E-03   1.1653846E-04   1.1305408E-03  -2.4814923E-02  -7.5038133E-03   1.8508832E-03   5.3095696E-03  -2.3439419E-03   1.0320037E-04  -1.3508536E-04  -6.1415998E-04   3.5015534E-04   3.1499258E-06   3.2866851E-06  -5.5949568E-07   3.6135017E-06   8.7621718E-07   8.8280804E-06  -1.8950437E-06  -2.7038304E-06   5.3262789E-07  -7.9502883E-06  -2.0775778E-05  -4.4368364E-05  -1.8547584E-07  -5.4347513E-07
  1.5442241E-08  -1.1742283E-07   1.6900501E-08  -7.6306895E-07   1.7263800E-06   1.0512567E-05   5.5337923E-07   6.1327014E-06   1.3625682E-08   4.0884582E-07   7.5007684E-04   6.2200963E-07   5.7868050E-05   2.9586468E-03   3.5350612E-04   4.9709030E-04   1.3946663E-03  -1.5109357E-04  -4.1594819E-05   7.5532700E-06  -7.5990848E-05   5.2637153E-04   6.9631315E-07   3.2877079E-07   1.0455407E-07   1.1100765E-06   3.7807162E-07   2.7679359E-06   9.0421755E-07   1.0944397E-06  -3.6200672E-06  -3.4998194E-07  -4.9664500E-06  -1.9264171E-06  -6.1306475E-09  -4.2589405E-08
  1.5776918E-08  -7.2008870E-08  -1.4397913E-08   3.3987970E-07  -2.9297428E-05   6.4224202E-07   2.2008957E-07   1.3625682E-08   4.3534332E-05  -2.3167851E-05  -2.0060233E-04   6.5800069E-06   2.5309297E-05  -1.0130837E-03  -2.9067154E-04  -1.9089307E-04  -6.2005485E-05  -5.7071208E-05  -5.8384961E-05  -8.5625725E-05   1.3636844E-04   3.2687218E-04  -1.6485812E-08   4.6084598E-07  -1.2954303E-06   3.0417290E-07  -7.0542586E-06  -7.1472122E-06  -1.4570378E-06  -1.2665309E-06   6.4001281E-06  -3.2478448E-06   5.6626260E-06   3.8500832E-06   8.3378481E-09   5.7367335E-08
  6.4822465E-08  -2.6753054E-07   7.3673235E-08  -1.7899448E-05  -5.5209798E-04  -3.6452757E-05   2.2618730E-06   4.0884582E-07  -2.3167851E-05   6.5171505E-03  -2.3166567E-03  -1.5749997E-04   1.0227490E-03  -1.9633897E-02  -8.8661928E-03  -8.5302664E-03  -2.1654494E-03   1.3264666E-03  -2.3229145E-04   8.8831988E-04  -1.1496557E-03  -1.7351660E-03   2.6912379E-06   4.2015459E-06   3.5017337E-06   2.2114147E-06  -5.0223343E-06  -1.2645058E-04  -3.6176379E-05   1.4472240E-05   5.6179775E-05   3.3016286E-05   1.2036827E-04   1.4285915E-04  -4.9603729E-07  -8.7756555E-07
 -9.9942749E-05   4.4999821E-04  -6.9224692E-06  -1.4743057E-02   5.8503077E-03  -2.8522005E-02  -5.3297242E-03   7.5007684E-04  -2.0060233E-04  -2.3166567E-03   4.3399137E+01  -5.2655316E-01  -1.6114485E+00   4.0501191E+01  -6.2392066E-01  -2.2532763E+01  -6.1325242E+01   2.9522827E-01   3.4761406E-02   2.0527754E-01  -1.8800316E+00  -1.8480420E+01  -2.4043368E-04  -4.5851691E-04   1.6880460E-03  -1.4463333E-04  -2.8392058E-04  -4.0226322E-03  -1.6666227E-03  -1.0361589E-04   5.5343666E-03  -9.3826822E-04  -9.3454092E-03  -1.8345421E-02  -3.1879774E-04   4.3547195E-03
  2.6331492E-06   3.9005530E-07   4.9373052E-07   2.5263448E-04  -1.0209159E-04   5.6706795E-04   1.1653846E-04   6.2200963E-07   6.5800069E-06  -1.5749997E-04  -5.2655316E-01   8.1574102E-02  -7.5604582E-02  -5.1666304E-01   1.0319863E+00   1.9233994E+00   8.2394368E-01   6.9256277E-02  -7.7908823E-03   6.7110217E-03   9.1644291E-02   1.1335255E-01   1.5701347E-05   3.2113368E-05   5.9357844E-05  -6.4230628E-06   2.3304103E-05   2.6584941E-04  -5.0890840E-05   2.8236435E-05  -6.8202088E-04   7.9727294E-05   1.7256786E-04  -1.5053673E-04   5.5930527E-06  -1.8003372E-05
  2.8087045E-05  -1.3992985E-04   1.3940835E-05   2.4594424E-03   1.4721025E-03   4.7240143E-03   1.1305408E-03   5.7868050E-05   2.5309297E-05   1.0227490E-03  -1.6114485E+00  -7.5604582E-02   3.5873726E+00  -2.7941186E+01  -3.6874626E+00   7.2925574E+00   6.2344739E+00  -2.3806752E+00  -1.6587407E-01   3.7143888E-02   2.2311663E+00   1.9708733E+00  -3.8326275E-05   8.4899087E-05  -4.5757143E-04   2.1152078E-04  -2.8995753E-04  -9.2310150E-04   1.7621780E-03  -5.4086299E-04  -6.7145153E-04  -1.2843461E-03  -2.3895962E-03  -3.6216345E-03   1.8040866E-04  -3.7600305E-04
 -4.0017045E-04   1.8141823E-03  -1.5352004E-04  -5.3648903E-02  -3.4399533E-03  -9.8978735E-02  -2.4814923E-02   2.9586468E-03  -1.0130837E-03  -1.9633897E-02   4.0501191E+01  -5.1666304E-01  -2.7941186E+01   7.5424155E+02   6.2211946E+01  -5.9514234E+01  -6.6195949E+01   1.0944164E+01  -3.8280115E+00   2.4622972E+00  -1.3059995E+01  -1.7658381E+01   1.1714128E-04  -2.4677528E-03   1.2172045E-02  -2.5138976E-03   2.7026470E-03  -1.1350590E-02  -1.2278788E-02   1.9582134E-03  -2.8600287E-03   7.2261231E-03   5.3963829E-03   4.2998186E-02   6.0890722E-03   3.7634851E-03
 -2.3961846E-04   1.5300676E-03  -1.0768414E-04  -1.8025425E-02  -5.1169543E-03  -3.1100263E-02  -7.5038133E-03   3.5350612E-04  -2.9067154E-04  -8.8661928E-03  -6.2392066E-01   1.0319863E+00  -3.6874626E+00   6.2211946E+01   5.9060017E+01   4.4861118E+01   1.8781364E+01  -4.4278692E+00  -3.7342937E-01  -1.0763555E+00   3.4143950E+00   3.7093670E+00  -3.0223851E-04  -8.0320842E-04   9.1024493E-04  -1.2345460E-03   8.2075755E-04   9.1024020E-04  -1.4270118E-03   3.2775812E-03  -1.1460402E-03   3.9656953E-03   1.6841130E-02   5.1072060E-02   1.0849629E-04   1.3867847E-04
 -3.2039693E-05   6.9836027E-04  -3.5883815E-05   1.6930264E-03  -3.8922413E-03   8.5121319E-03   1.8508832E-03   4.9709030E-04  -1.9089307E-04  -8.5302664E-03  -2.2532763E+01   1.9233994E+00   7.2925574E+00  -5.9514234E+01   4.4861118E+01   9.9707600E+01   6.7779779E+01  -1.1081647E+01  -9.0213662E-01  -4.4680581E-01   4.2308600E+00   5.2855919E+00   9.3256271E-05   2.5690359E-04  -5.0607400E-05  -3.3770238E-04   7.2424994E-04   8.6572602E-03   7.1576001E-04   6.8906323E-04  -1.5986573E-02   1.8970810E-03   1.2310205E-02   3.9213955E-02   7.6037420E-04  -2.5916433E-03
  2.8205464E-05   1.3910977E-04  -3.7366916E-05   1.3379841E-02  -1.2299261E-02   3.3284981E-02   5.3095696E-03   1.3946663E-03  -6.2005485E-05  -2.1654494E-03  -6.1325242E+01   8.2394368E-01   6.2344739E+00  -6.6195949E+01   1.8781364E+01   6.7779779E+01   1.2141464E+02  -9.4619267E+00  -5.8120613E-01  -5.7914932E-01  -1.2264660E+00   1.4494418E+01   2.5212401E-04   1.4938779E-04  -3.3070211E-03   1.5091452E-04   5.6930515E-05   1.1542964E-02   2.2166686E-03   1.4840842E-03  -7.3656799E-03   2.8772789E-03   1.4631259E-02   5.5536015E-02   8.0510427E-04  -7.7053373E-03
 -4.4998236E-05   1.2515750E-04  -2.1319611E-05  -4.6808476E-03  -5.4436007E-04  -1.0178775E-02  -2.3439419E-03  -1.5109357E-04  -5.7071208E-05   1.3264666E-03   2.9522827E-01   6.9256277E-02  -2.3806752E+00   1.0944164E+01  -4.4278692E+00  -1.1081647E+01  -9.4619267E+00   5.4964140E+00   1.6808500E-01  -3.8735277E-02  -1.6318352E+00  -1.2689007E+00  -3.0471545E-04  -1.6486050E-04   5.2548852E-04  -2.7507422E-04   9.8265351E-04  -2.5361680E-04   1.4251816E-04  -1.2517173E-04   3.2007822E-04   2.7060871E-04   1.0847286E-03  -5.8496897E-03  -1.3507807E-04   1.8261943E-04
 -7.7469950E-06   5.4999953E-05  -4.1860526E-06  -7.9653125E-04  -7.2067085E-05  -1.8154012E-03   1.0320037E-04  -4.1594819E-05  -5.8384961E-05  -2.3229145E-04   3.4761406E-02  -7.7908823E-03  -1.6587407E-01  -3.8280115E+00  -3.7342937E-01  -9.0213662E-01  -5.8120613E-01   1.6808500E-01   3.4719426E+00   4.2150166E-01   1.8915898E-01   2.9158595E-01  -2.8815415E-05  -3.1183261E-05   1.2557220E-04   5.5769951E-05   1.3100693E-04  -1.6383157E-03  -2.6772338E-04  -3.2344134E-05   2.3798403E-03  -1.0979409E-03   3.3191134E-03   6.1535050E-03   2.9213720E-04   1.7574475E-05
 -7.5377666E-06  -7.0951126E-07   1.7212470E-06  -5.3442297E-04   1.7943976E-03  -1.5444490E-03  -1.3508536E-04   7.5532700E-06  -8.5625725E-05   8.8831988E-04   2.0527754E-01   6.7110217E-03   3.7143888E-02   2.4622972E+00  -1.0763555E+00  -4.4680581E-01  -5.7914932E-01  -3.8735277E-02   4.2150166E-01   3.3388197E+00   2.5571258E+00   1.6755973E+00  -7.6266904E-05  -4.7112384E-05   6.9536391E-04  -8.8205509E-05   3.7881817E-04  -2.1765024E-03  -2.5177848E-04  -1.9313804E-04  -2.7744703E-03   6.4606303E-04   3.6968810E-03   6.1150322E-03  -2.9498108E-04  -1.9569573E-04
 -1.7427468E-05   8.8976169E-05  -1.1387031E-05  -1.9554579E-03   5.7197469E-03  -4.2397604E-03  -6.1415998E-04  -7.5990848E-05   1.3636844E-04  -1.1496557E-03  -1.8800316E+00   9.1644291E-02   2.2311663E+00  -1.3059995E+01   3.4143950E+00   4.2308600E+00  -1.2264660E+00  -1.6318352E+00   1.8915898E-01   2.5571258E+00   1.6889441E+01   2.5373177E+01  -3.9144960E-05   8.2062226E-05   7.8039728E-04   3.4044995E-06   1.3018544E-04  -7.9703029E-03   1.4777667E-03  -8.9069707E-04  -7.0691171E-03  -1.4579866E-03   2.6678803E-03   5.0129375E-03  -3.3040133E-05   2.4930369E-03
 -8.7723664E-06   5.4469592E-05  -3.4692925E-05   9.8623718E-06   4.1755290E-03   1.2239134E-03   3.5015534E-04   5.2637153E-04   3.2687218E-04  -1.7351660E-03  -1.8480420E+01   1.1335255E-01   1.9708733E+00  -1.7658381E+01   3.7093670E+00   5.2855919E+00   1.4494418E+01  -1.2689007E+00   2.9158595E-01   1.6755973E+00   2.5373177E+01   5.4328133E+01   1.4301861E-04   3.1251770E-04   7.4844559E-04   1.5133741E-04   2.3214409E-04  -1.0292116E-02   1.4568538E-03  -1.1174626E-03  -9.8607821E-03   3.0374471E-04   7.0181421E-03   1.0676784E-02   5.4982677E-05   4.5006565E-03
  4.7716017E-08  -7.0643719E-07   5.8292754E-08   3.0061162E-06   4.5537063E-06   5.0624151E-06   3.1499258E-06   6.9631315E-07  -1.6485812E-08   2.6912379E-06  -2.4043368E-04   1.5701347E-05  -3.8326275E-05   1.1714128E-04  -3.0223851E-04   9.3256271E-05   2.5212401E-04  -3.0471545E-04  -2.8815415E-05  -7.6266904E-05  -3.9144960E-05   1.4301861E-04   3.1782061E-05   8.6155759E-06   1.9150908E-06   2.8823810E-06   1.2093952E-06  -2.9307697E-06  -2.6716816E-06  -2.4783769E-06   5.9755043E-06  -1.0341393E-06   2.9517955E-06   1.0584137E-05  -1.9610379E-08  -1.0367289E-07
  5.3186815E-08  -7.3837657E-07   4.2071578E-08   3.6604527E-06   3.6850289E-06   5.5253168E-06   3.2866851E-06   3.2877079E-07   4.6084598E-07   4.2015459E-06  -4.5851691E-04   3.2113368E-05   8.4899087E-05  -2.4677528E-03  -8.0320842E-04   2.5690359E-04   1.4938779E-04  -1.6486050E-04  -3.1183261E-05  -4.7112384E-05   8.2062226E-05   3.1251770E-04   8.6155759E-06   2.5270147E-05   2.8785338E-06   1.2492082E-05   3.7114705E-07   5.7483068E-06  -2.0872509E-06  -1.8003157E-06  -3.5507331E-06  -3.5630458E-06  -2.8564570E-06   4.5677563E-06  -3.7781446E-08  -1.1207568E-08
 -6.4682958E-08   4.2615062E-07  -2.0637258E-07   2.9508822E-08   2.6636617E-05  -1.3806456E-07  -5.5949568E-07   1.0455407E-07  -1.2954303E-06   3.5017337E-06   1.6880460E-03   5.9357844E-05  -4.5757143E-04   1.2172045E-02   9.1024493E-04  -5.0607400E-05  -3.3070211E-03   5.2548852E-04   1.2557220E-04   6.9536391E-04   7.8039728E-04   7.4844559E-04   1.9150908E-06   2.8785338E-06   1.0361548E-03   2.2727201E-06   1.1920195E-05   8.1600100E-06  -9.4181760E-06   7.6896265E-06  -1.9874598E-05   1.6059326E-05  -3.9878982E-05  -6.2201669E-05  -1.5952507E-07   3.9876415E-07
  4.5500630E-08  -8.4972795E-07   3.7444798E-08   3.1543969E-06   6.5427211E-06   5.7138440E-06   3.6135017E-06   1.1100765E-06   3.0417290E-07   2.2114147E-06  -1.4463333E-04  -6.4230628E-06   2.1152078E-04  -2.5138976E-03  -1.2345460E-03  -3.3770238E-04   1.5091452E-04  -2.7507422E-04   5.5769951E-05  -8.8205509E-05   3.4044995E-06   1.5133741E-04   2.8823810E-06   1.2492082E-05   2.2727201E-06   4.7189904E-05   2.8605968E-06   5.6920144E-06  -1.0829833E-06  -2.4900855E-06  -2.8144408E-06   1.8909118E-06  -6.5175009E-06  -3.3810828E-06  -6.7594171E-08  -6.2768945E-09
  4.1730133E-08  -8.6743545E-07  -1.7814271E-07  -2.8970361E-06   2.1074347E-05  -8.5658435E-06   8.7621718E-07   3.7807162E-07  -7.0542586E-06  -5.0223343E-06  -2.8392058E-04   2.3304103E-05  -2.8995753E-04   2.7026470E-03   8.2075755E-04   7.2424994E-04   5.6930515E-05   9.8265351E-04   1.3100693E-04   3.7881817E-04   1.3018544E-04   2.3214409E-04   1.2093952E-06   3.7114705E-07   1.1920195E-05   2.8605968E-06   2.1597753E-03   1.1156686E-04   7.3489754E-06  -7.1795893E-06  -1.3385086E-05  -1.3461485E-05   3.1169154E-05  -1.2219400E-05   1.9199351E-08   4.0211111E-08
  2.1040514E-07  -1.5020254E-06   2.1330943E-07  -2.0284127E-06   5.5034408E-05  -2.8279142E-06   8.8280804E-06   2.7679359E-06  -7.1472122E-06  -1.2645058E-04  -4.0226322E-03   2.6584941E-04  -9.2310150E-04  -1.1350590E-02   9.1024020E-04   8.6572602E-03   1.1542964E-02  -2.5361680E-04  -1.6383157E-03  -2.1765024E-03  -7.9703029E-03  -1.0292116E-02  -2.9307697E-06   5.7483068E-06   8.1600100E-06   5.6920144E-06   1.1156686E-04   1.6885517E-02  -1.9689013E-06  -6.5872215E-06   2.1315421E-04  -1.9412881E-05   1.7774210E-05   6.6894632E-04  -4.9223158E-08  -1.4850754E-06
 -1.0557605E-07   2.8029056E-07  -1.0213793E-07   6.5690899E-07  -1.2690746E-05   3.0553635E-06  -1.8950437E-06   9.0421755E-07  -1.4570378E-06  -3.6176379E-05  -1.6666227E-03  -5.0890840E-05   1.7621780E-03  -1.2278788E-02  -1.4270118E-03   7.1576001E-04   2.2166686E-03   1.4251816E-04  -2.6772338E-04  -2.5177848E-04   1.4777667E-03   1.4568538E-03  -2.6716816E-06  -2.0872509E-06  -9.4181760E-06  -1.0829833E-06   7.3489754E-06  -1.9689013E-06   1.4240232E-03   2.8902778E-04   6.1463207E-05  -3.9844125E-04  -2.7149662E-04  -2.9575485E-04   3.6018095E-07  -7.3989656E-07
 -1.1438024E-07   1.0843327E-06  -1.2069630E-07  -6.2057909E-06  -4.0478568E-05  -7.6610859E-06  -2.7038304E-06   1.0944397E-06  -1.2665309E-06   1.4472240E-05  -1.0361589E-04   2.8236435E-05  -5.4086299E-04   1.9582134E-03   3.2775812E-03   6.8906323E-04   1.4840842E-03  -1.2517173E-04  -3.2344134E-05  -1.9313804E-04  -8.9069707E-04  -1.1174626E-03  -2.4783769E-06  -1.8003157E-06   7.6896265E-06  -2.4900855E-06  -7.1795893E-06  -6.5872215E-06   2.8902778E-04   8.3571480E-04   3.5122645E-05   7.6649783E-04   1.3085233E-04  -6.0395428E-04  -1.1328938E-07  -3.3472213E-07
 -3.2997477E-07  -5.0759901E-07  -1.7239809E-07  -2.5118008E-05   5.8918291E-05  -6.1733179E-05   5.3262789E-07  -3.6200672E-06   6.4001281E-06   5.6179775E-05   5.5343666E-03  -6.8202088E-04  -6.7145153E-04  -2.8600287E-03  -1.1460402E-03  -1.5986573E-02  -7.3656799E-03   3.2007822E-04   2.3798403E-03  -2.7744703E-03  -7.0691171E-03  -9.8607821E-03   5.9755043E-06  -3.5507331E-06  -1.9874598E-05  -2.8144408E-06  -1.3385086E-05   2.1315421E-04   6.1463207E-05   3.5122645E-05   7.2121177E-03  -1.9872276E-04   1.7632498E-03   5.5188545E-03   1.9477066E-07  -6.9754542E-07
 -3.6342370E-07   3.2545830E-06  -3.8930813E-07  -2.2291919E-05  -6.3793103E-05  -3.7456230E-05  -7.9502883E-06  -3.4998194E-07  -3.2478448E-06   3.3016286E-05  -9.3826822E-04   7.9727294E-05  -1.2843461E-03   7.2261231E-03   3.9656953E-03   1.8970810E-03   2.8772789E-03   2.7060871E-04  -1.0979409E-03   6.4606303E-04  -1.4579866E-03   3.0374471E-04  -1.0341393E-06  -3.5630458E-06   1.6059326E-05   1.8909118E-06  -1.3461485E-05  -1.9412881E-05  -3.9844125E-04   7.6649783E-04  -1.9872276E-04   3.0365174E-03   1.3693617E-03  -7.9570439E-05  -2.4646761E-07  -5.1894227E-08
 -1.8231813E-06   9.3040451E-06  -1.7551410E-06  -7.0517663E-05  -1.8645245E-05  -1.3228099E-04  -2.0775778E-05  -4.9664500E-06   5.6626260E-06   1.2036827E-04  -9.3454092E-03   1.7256786E-04  -2.3895962E-03   5.3963829E-03   1.6841130E-02   1.2310205E-02   1.4631259E-02   1.0847286E-03   3.3191134E-03   3.6968810E-03   2.6678803E-03   7.0181421E-03   2.9517955E-06  -2.8564570E-06  -3.9878982E-05  -6.5175009E-06   3.1169154E-05   1.7774210E-05  -2.7149662E-04   1.3085233E-04   1.7632498E-03   1.3693617E-03   1.6519232E-02   1.9579483E-02  -7.8058128E-09  -1.4287977E-06
 -3.2746387E-06   1.7947274E-05  -2.4882137E-06  -1.4170085E-04  -5.1707527E-06  -2.4770831E-04  -4.4368364E-05  -1.9264171E-06   3.8500832E-06   1.4285915E-04  -1.8345421E-02  -1.5053673E-04  -3.6216345E-03   4.2998186E-02   5.1072060E-02   3.9213955E-02   5.5536015E-02  -5.8496897E-03   6.1535050E-03   6.1150322E-03   5.0129375E-03   1.0676784E-02   1.0584137E-05   4.5677563E-06  -6.2201669E-05  -3.3810828E-06  -1.2219400E-05   6.6894632E-04  -2.9575485E-04  -6.0395428E-04   5.5188545E-03  -7.9570439E-05   1.9579483E-02   7.9460909E-02  -3.0186269E-07  -7.4937191E-06
  3.7350672E-09   1.5885824E-09   1.1306403E-09   4.1904565E-09  -8.0323563E-07   2.5605707E-07  -1.8547584E-07  -6.1306475E-09   8.3378481E-09  -4.9603729E-07  -3.1879774E-04   5.5930527E-06   1.8040866E-04   6.0890722E-03   1.0849629E-04   7.6037420E-04   8.0510427E-04  -1.3507807E-04   2.9213720E-04  -2.9498108E-04  -3.3040133E-05   5.4982677E-05  -1.9610379E-08  -3.7781446E-08  -1.5952507E-07  -6.7594171E-08   1.9199351E-08  -4.9223158E-08   3.6018095E-07  -1.1328938E-07   1.9477066E-07  -2.4646761E-07  -7.8058128E-09  -3.0186269E-07   5.9406900E-07  -1.3555301E-08
 -1.1462193E-08   5.9444253E-08  -3.7845006E-09  -1.8035664E-06   1.0302400E-06  -3.5930419E-06  -5.4347513E-07  -4.2589405E-08   5.7367335E-08  -8.7756555E-07   4.3547195E-03  -1.8003372E-05  -3.7600305E-04   3.7634851E-03   1.3867847E-04  -2.5916433E-03  -7.7053373E-03   1.8261943E-04   1.7574475E-05  -1.9569573E-04   2.4930369E-03   4.5006565E-03  -1.0367289E-07  -1.1207568E-08   3.9876415E-07  -6.2768945E-09   4.0211111E-08  -1.4850754E-06  -7.3989656E-07  -3.3472213E-07  -6.9754542E-07  -5.1894227E-08  -1.4287977E-06  -7.4937191E-06  -1.3555301E-08   2.0832313E-06
