# omegabh2 omegach2 theta binw1 alpha_JLA beta_JLA
  7.2701802E-04  -1.3087651E-04  -1.1683363E-03  -6.6144740E-04  -5.5424924E-06  -1.8800550E-05
 -1.3087651E-04   5.5738877E-03   5.9996499E-03  -8.8829537E-03   3.6325326E-06  -4.3304430E-05
 -1.1683363E-03   5.9996499E-03   1.4399949E-02   9.8204271E-04   1.0561435E-06  -1.3180713E-04
 -6.6144740E-04  -8.8829537E-03   9.8204271E-04   4.3287769E-02  -3.8370628E-05  -5.1154038E-04
 -5.5424924E-06   3.6325326E-06   1.0561435E-06  -3.8370628E-05   4.2141404E-05  -2.0152202E-05
 -1.8800550E-05  -4.3304430E-05  -1.3180713E-04  -5.1154038E-04  -2.0152202E-05   6.3827745E-03
