# omegabh2 omegach2 theta tau binw1 logA ns calPlanck alpha_JLA beta_JLA acib217 xi asz143 aps100 aps143 aps143217 aps217 aksz kgal100 kgal143 kgal143217 kgal217 galfEE100 galfEE100143 galfEE100217 galfEE143 galfEE143217 galfEE217 galfTE100 galfTE100143 galfTE100217 galfTE143 galfTE143217 galfTE217 cal0 cal2
  2.3612297E-08  -1.3266920E-07   1.8587486E-08   8.6866540E-07   9.9344592E-07   1.5334237E-06   3.5990902E-07   1.9150838E-08  -3.4524163E-09   7.4581221E-08  -1.1494418E-04   1.6237476E-06   3.4015175E-05  -5.1420057E-04  -2.6041282E-04  -3.6537680E-05   5.7803497E-05  -4.9042167E-05  -4.4580745E-06  -8.2212828E-06  -1.4500927E-05   1.1384709E-05   4.9420439E-08   5.5437710E-08   3.2818879E-08   7.8159943E-08   7.2057075E-08   9.6534251E-08  -1.2038520E-07  -7.2194575E-08  -3.1481751E-07  -1.4159669E-07  -1.2482294E-06  -3.5144500E-06   4.4220572E-09  -9.9272641E-09
 -1.3266920E-07   2.1848249E-06  -1.7580085E-07  -1.0075960E-05  -1.8313336E-05  -1.5007395E-05  -5.3120277E-06  -1.2773835E-07   2.1357337E-07   2.5333504E-08   4.1456611E-04  -4.7909065E-06  -1.8608207E-04   2.3264735E-03   1.4210787E-03   3.4496386E-04  -6.2997540E-06   1.6263583E-04  -2.6212449E-05  -2.5894367E-05   1.1289438E-04   1.3667389E-04  -7.8143668E-07  -7.8736457E-07  -3.9221112E-07  -1.0015409E-06  -1.2811106E-07   1.9114893E-07   1.1423935E-06   1.9802206E-07   1.7710290E-06   6.8300115E-07   8.4803428E-06   2.4345891E-05  -1.4637014E-09   6.8064811E-08
  1.8587486E-08  -1.7580085E-07   9.9367097E-08   9.7715520E-07   1.8872676E-06   1.6500525E-06   5.5729377E-07   1.9832397E-08  -1.9602381E-08  -2.5693819E-07  -6.3721254E-05   7.9374238E-07   1.8103626E-05  -2.5439027E-04  -1.1572997E-04  -7.0601755E-06   3.7326058E-05  -1.2671548E-05   4.7737835E-06  -7.7388470E-07   5.6922658E-06   3.2904587E-05   6.4957493E-08   6.7996353E-08   8.9086730E-08   7.7854298E-08  -5.2288773E-08  -3.2203401E-07  -2.7218305E-07  -1.9916042E-08  -4.1432574E-07   8.4205759E-08  -1.1888496E-06  -3.6491599E-06   1.8991124E-09  -4.2995153E-09
  8.6866540E-07  -1.0075960E-05   9.7715520E-07   2.9129567E-04   1.4151323E-04   5.5591550E-04   3.4313160E-05  -1.2760760E-06  -1.4075931E-06  -1.4602557E-05  -1.2716141E-02   2.6238338E-04   2.5680594E-03  -5.0629305E-02  -1.5856028E-02   3.7187025E-03   1.1502000E-02  -4.9566057E-03  -7.6254403E-04  -1.0387441E-03  -1.6937581E-03   5.7944490E-04   2.9717609E-06   3.5584248E-06   2.5816542E-06   3.9037055E-06   1.2137804E-06  -1.0584795E-05  -1.6405460E-05  -6.4514565E-06  -2.0118884E-05  -4.2884102E-06  -6.0587775E-05  -1.5112616E-04   2.3053304E-08  -1.4584975E-06
  9.9344592E-07  -1.8313336E-05   1.8872676E-06   1.4151323E-04   2.8003683E-03   2.3493593E-04   5.4267394E-05   3.2995756E-07  -2.7366496E-05  -5.3039812E-04  -5.4202972E-03   6.6027821E-05   1.8568377E-03  -3.8425968E-02  -1.7031252E-02  -5.0162200E-03   2.8677061E-04  -8.6381473E-04   1.3956794E-03  -1.2981959E-03  -3.0678972E-03  -1.7700190E-03   4.6517123E-06   1.1780795E-05  -7.8190623E-06   8.4094740E-06  -6.1211501E-05  -5.4023926E-05  -2.9237200E-05  -3.1515264E-05  -2.2288106E-05  -2.4263769E-05  -1.5539260E-04  -2.0338180E-04   1.2401663E-07  -1.3068878E-07
  1.5334237E-06  -1.5007395E-05   1.6500525E-06   5.5591550E-04   2.3493593E-04   1.0997396E-03   5.4889166E-05   9.9229332E-06  -2.1020080E-06  -3.6457255E-05  -2.4461558E-02   5.7501669E-04   4.8271351E-03  -9.2521874E-02  -2.7161434E-02   1.1762922E-02   2.8976106E-02  -1.0559221E-02  -1.8942618E-03  -2.9129240E-03  -4.1755376E-03   2.1340927E-03   4.9018249E-06   5.4141948E-06   2.5217613E-06   7.5161714E-06   1.7333731E-06  -2.1344610E-05  -3.0877219E-05  -1.0746448E-05  -3.7906953E-05  -2.6465056E-06  -9.7796873E-05  -2.3397843E-04   2.6115153E-07  -2.9888525E-06
  3.5990902E-07  -5.3120277E-06   5.5729377E-07   3.4313160E-05   5.4267394E-05   5.4889166E-05   2.2872431E-05   4.2983641E-07  -7.0963152E-07  -7.5369515E-07  -5.4713089E-03   1.2624546E-04   1.3380930E-03  -2.8394022E-02  -7.9676936E-03   2.7231610E-03   6.1073683E-03  -2.6501830E-03   2.7115445E-04  -2.1124075E-04  -7.4263344E-04   3.6012477E-04   3.1321646E-06   3.5751351E-06   7.7391457E-07   3.8978415E-06   2.6623008E-07  -4.2564294E-06  -4.2011610E-06  -6.8927281E-07  -4.9638660E-07  -1.1348232E-06  -1.4378614E-05  -4.3610784E-05  -1.2089495E-07  -4.9722418E-07
  1.9150838E-08  -1.2773835E-07   1.9832397E-08  -1.2760760E-06   3.2995756E-07   9.9229332E-06   4.2983641E-07   6.3295353E-06   4.5440375E-08  -3.6105614E-06   9.2737523E-04   1.0341201E-06   2.1524385E-05   3.4672955E-03   4.9843475E-04   5.6144490E-04   1.2542254E-03  -1.0456721E-04  -1.1528436E-05  -1.0955424E-04  -3.2170018E-04   2.2234430E-04   7.2376990E-07   4.2067394E-07  -8.1393860E-07   1.3918898E-06   4.4324759E-07   1.5824183E-06  -5.8347522E-07   1.2701404E-06   4.0722161E-07   2.6866387E-06   2.7762094E-06   1.0353146E-05  -2.2141274E-09  -8.7958238E-08
 -3.4524163E-09   2.1357337E-07  -1.9602381E-08  -1.4075931E-06  -2.7366496E-05  -2.1020080E-06  -7.0963152E-07   4.5440375E-08   4.2759813E-05  -3.5884736E-05   2.4649024E-04  -2.4680980E-05  -3.1712817E-05  -1.0610191E-03  -3.0278352E-04  -6.4034334E-04  -2.2783337E-04  -3.5760223E-05   5.5942481E-05  -8.4178571E-05  -1.1087416E-04   1.7254286E-06   1.6939203E-08   9.1177225E-08  -1.0440597E-06   2.1339421E-07   4.0387644E-06   1.9183527E-06   2.7025279E-07  -3.1663208E-07  -2.0040155E-06  -7.3305637E-07   4.4707673E-06   2.7159407E-06  -1.2644953E-08   3.8726296E-08
  7.4581221E-08   2.5333504E-08  -2.5693819E-07  -1.4602557E-05  -5.3039812E-04  -3.6457255E-05  -7.5369515E-07  -3.6105614E-06  -3.5884736E-05   6.5268480E-03   2.0958304E-04  -1.2286070E-04   1.7504048E-03  -5.2202490E-03  -3.1732760E-03   3.8585892E-05   2.8899133E-04  -5.7321696E-04  -5.7039712E-06   5.9307659E-04   6.0358831E-05  -5.0552134E-03  -4.3675150E-06   2.7474254E-06   1.3804849E-05  -2.8965743E-06   2.1544146E-05   9.2824506E-05  -4.0374631E-05  -1.5111818E-05   2.6641155E-05  -1.6200443E-05   1.5482784E-05  -6.5996588E-05  -2.5887148E-07  -1.9134765E-06
 -1.1494418E-04   4.1456611E-04  -6.3721254E-05  -1.2716141E-02  -5.4202972E-03  -2.4461558E-02  -5.4713089E-03   9.2737523E-04   2.4649024E-04   2.0958304E-04   4.3449040E+01  -4.8492738E-01  -1.6622110E+00   4.4830801E+01   7.5872518E-01  -2.0751010E+01  -6.0574632E+01   3.0341714E-01   5.4706134E-02   1.1426028E-01  -2.3224472E+00  -1.9258015E+01  -1.8711479E-04  -4.8290830E-04   2.2459882E-03  -1.0766636E-04  -4.7495819E-03   1.2113476E-02  -2.9026778E-03   3.7246417E-03  -7.6377977E-03   3.8789587E-03   2.6291961E-03  -1.0816277E-02  -2.3967428E-04   4.2243929E-03
  1.6237476E-06  -4.7909065E-06   7.9374238E-07   2.6238338E-04   6.6027821E-05   5.7501669E-04   1.2624546E-04   1.0341201E-06  -2.4680980E-05  -1.2286070E-04  -4.8492738E-01   7.9913298E-02  -7.1863418E-02  -5.0208965E-01   9.9183961E-01   1.8549258E+00   7.4651434E-01   6.7174134E-02  -3.5919037E-03   2.1652983E-03   9.0278282E-02   9.8801007E-02   6.8162515E-06   3.5754073E-06  -3.3215227E-05  -5.3810944E-06  -7.4561710E-05  -4.5810803E-04   5.5976428E-05  -1.0245960E-04   6.5292919E-05  -1.3767784E-04   2.6633638E-04   6.2914790E-04   7.3452589E-06  -1.5195625E-05
  3.4015175E-05  -1.8608207E-04   1.8103626E-05   2.5680594E-03   1.8568377E-03   4.8271351E-03   1.3380930E-03   2.1524385E-05  -3.1712817E-05   1.7504048E-03  -1.6622110E+00  -7.1863418E-02   3.6094578E+00  -2.8616028E+01  -4.0188252E+00   7.2858928E+00   6.2797569E+00  -2.4233728E+00  -1.9218823E-01   6.2080749E-02   2.3726512E+00   2.2319177E+00   1.0079923E-04   3.0039183E-04   4.9867002E-04   2.7341905E-04   6.4448771E-04   2.6132615E-03  -3.2469940E-04  -3.6164992E-04  -1.7317804E-03   2.7709671E-05  -4.5836704E-03  -4.0324565E-03   1.7575577E-04  -3.1564623E-04
 -5.1420057E-04   2.3264735E-03  -2.5439027E-04  -5.0629305E-02  -3.8425968E-02  -9.2521874E-02  -2.8394022E-02   3.4672955E-03  -1.0610191E-03  -5.2202490E-03   4.4830801E+01  -5.0208965E-01  -2.8616028E+01   7.7233517E+02   6.7611296E+01  -6.0208969E+01  -7.1902703E+01   1.2290887E+01  -3.2457633E+00   3.4585077E+00  -1.2626473E+01  -1.9495989E+01  -1.8272406E-03  -5.1722989E-03  -9.6680798E-03  -3.2754590E-03  -2.4827516E-03   1.7800828E-02  -7.6753696E-03   4.1634018E-03   1.5832995E-02   3.0175954E-02   3.5025414E-02  -2.7892130E-02   6.0215284E-03   3.8636139E-03
 -2.6041282E-04   1.4210787E-03  -1.1572997E-04  -1.5856028E-02  -1.7031252E-02  -2.7161434E-02  -7.9676936E-03   4.9843475E-04  -3.0278352E-04  -3.1732760E-03   7.5872518E-01   9.9183961E-01  -4.0188252E+00   6.7611296E+01   5.9374528E+01   4.2534458E+01   1.6204749E+01  -3.9895581E+00  -2.1109867E-01  -1.1368889E+00   3.2702551E+00   3.2062303E+00  -9.4802557E-04  -1.1285210E-03  -4.3112074E-03  -1.3310084E-03  -5.3107552E-04  -4.4146187E-03   1.7265498E-03   2.2295206E-03   2.2782861E-05   4.0860499E-03   1.4598102E-02   3.6640490E-02  -6.9301689E-06   2.7300599E-04
 -3.6537680E-05   3.4496386E-04  -7.0601755E-06   3.7187025E-03  -5.0162200E-03   1.1762922E-02   2.7231610E-03   5.6144490E-04  -6.4034334E-04   3.8585892E-05  -2.0751010E+01   1.8549258E+00   7.2858928E+00  -6.0208969E+01   4.2534458E+01   9.6208314E+01   6.4169588E+01  -1.1018102E+01  -7.2030604E-01  -4.8948416E-01   4.3813089E+00   5.2736204E+00  -2.4448394E-04   2.4651484E-04  -1.2346983E-03  -3.7645799E-05   1.0335679E-03  -4.2316341E-03   5.5369985E-04  -2.7213789E-03  -2.1245600E-03   6.5048981E-04   2.4371587E-03   2.4145151E-02   6.5218867E-04  -2.2661075E-03
  5.7803497E-05  -6.2997540E-06   3.7326058E-05   1.1502000E-02   2.8677061E-04   2.8976106E-02   6.1073683E-03   1.2542254E-03  -2.2783337E-04   2.8899133E-04  -6.0574632E+01   7.4651434E-01   6.2797569E+00  -7.1902703E+01   1.6204749E+01   6.4169588E+01   1.1893687E+02  -9.4040657E+00  -6.2225557E-01  -4.7654009E-01  -5.7450346E-01   1.5440386E+01   9.4323900E-05   4.4266759E-04  -3.1672084E-03   2.4837238E-04   8.3080902E-03  -1.1270543E-02   2.5695812E-03  -5.5821717E-03   8.3299288E-03  -2.8874406E-03   5.3070237E-03   3.9030838E-02   5.7721455E-04  -7.4057359E-03
 -4.9042167E-05   1.6263583E-04  -1.2671548E-05  -4.9566057E-03  -8.6381473E-04  -1.0559221E-02  -2.6501830E-03  -1.0456721E-04  -3.5760223E-05  -5.7321696E-04   3.0341714E-01   6.7174134E-02  -2.4233728E+00   1.2290887E+01  -3.9895581E+00  -1.1018102E+01  -9.4040657E+00   5.5788047E+00   1.1938380E-01  -3.4765572E-02  -1.7808701E+00  -1.6349952E+00  -1.1023028E-04  -4.2478238E-04  -9.2312765E-05  -4.1493568E-04  -5.9930205E-04  -1.5346546E-03   4.5731443E-04   1.9661459E-04   2.1884878E-03  -7.9446643E-04   9.1022347E-04   6.9505787E-04  -1.1226172E-04   8.8777673E-05
 -4.4580745E-06  -2.6212449E-05   4.7737835E-06  -7.6254403E-04   1.3956794E-03  -1.8942618E-03   2.7115445E-04  -1.1528436E-05   5.5942481E-05  -5.7039712E-06   5.4706134E-02  -3.5919037E-03  -1.9218823E-01  -3.2457633E+00  -2.1109867E-01  -7.2030604E-01  -6.2225557E-01   1.1938380E-01   3.5049905E+00   4.7912734E-01   2.1723542E-01   3.9014904E-01   5.5666821E-05   2.2282046E-05   5.9760969E-04  -6.1086676E-06   1.4562136E-04  -5.4093559E-04  -1.4333101E-03   4.2800422E-04  -1.5992270E-04  -1.9930365E-04  -1.1070185E-03   3.3327161E-03   2.6661561E-04   2.7724938E-05
 -8.2212828E-06  -2.5894367E-05  -7.7388470E-07  -1.0387441E-03  -1.2981959E-03  -2.9129240E-03  -2.1124075E-04  -1.0955424E-04  -8.4178571E-05   5.9307659E-04   1.1426028E-01   2.1652983E-03   6.2080749E-02   3.4585077E+00  -1.1368889E+00  -4.8948416E-01  -4.7654009E-01  -3.4765572E-02   4.7912734E-01   3.3998930E+00   2.5680602E+00   1.6691504E+00   3.3026895E-06  -4.8583041E-05   1.1301267E-03   7.3118916E-05   4.3038707E-04  -3.5727570E-04  -1.1514600E-04  -1.8213377E-04   8.7259724E-04   1.9016013E-04  -1.0299071E-03   4.5381832E-03  -2.7691857E-04  -2.2218405E-04
 -1.4500927E-05   1.1289438E-04   5.6922658E-06  -1.6937581E-03  -3.0678972E-03  -4.1755376E-03  -7.4263344E-04  -3.2170018E-04  -1.1087416E-04   6.0358831E-05  -2.3224472E+00   9.0278282E-02   2.3726512E+00  -1.2626473E+01   3.2702551E+00   4.3813089E+00  -5.7450346E-01  -1.7808701E+00   2.1723542E-01   2.5680602E+00   1.7346640E+01   2.6140278E+01  -2.5029371E-05   1.0867820E-04   1.0915309E-03   4.2756306E-05   1.8272170E-04   3.2186373E-03   1.2411841E-03   1.5024479E-03  -2.2858094E-03   2.6280901E-03  -1.1457956E-02   3.4001009E-03   7.0700998E-06   2.5263641E-03
  1.1384709E-05   1.3667389E-04   3.2904587E-05   5.7944490E-04  -1.7700190E-03   2.1340927E-03   3.6012477E-04   2.2234430E-04   1.7254286E-06  -5.0552134E-03  -1.9258015E+01   9.8801007E-02   2.2319177E+00  -1.9495989E+01   3.2062303E+00   5.2736204E+00   1.5440386E+01  -1.6349952E+00   3.9014904E-01   1.6691504E+00   2.6140278E+01   5.5679200E+01   1.3117993E-04   3.8367432E-04  -1.4054475E-04   2.5600120E-04   2.2534101E-03   2.1695087E-03   2.7866584E-03   2.1394186E-03   3.6954981E-03   5.0795536E-03  -2.1678557E-02  -1.1253225E-03   1.0395144E-04   4.5423927E-03
  4.9420439E-08  -7.8143668E-07   6.4957493E-08   2.9717609E-06   4.6517123E-06   4.9018249E-06   3.1321646E-06   7.2376990E-07   1.6939203E-08  -4.3675150E-06  -1.8711479E-04   6.8162515E-06   1.0079923E-04  -1.8272406E-03  -9.4802557E-04  -2.4448394E-04   9.4323900E-05  -1.1023028E-04   5.5666821E-05   3.3026895E-06  -2.5029371E-05   1.3117993E-04   3.2295425E-05   8.8885279E-06   6.3435382E-07   3.2972436E-06   1.3523520E-06  -8.7181364E-06  -2.0910803E-06  -1.3828572E-07   5.4069718E-07  -6.6290499E-07  -2.6621202E-06  -7.7645634E-06  -3.5176331E-08  -9.3620175E-09
  5.5437710E-08  -7.8736457E-07   6.7996353E-08   3.5584248E-06   1.1780795E-05   5.4141948E-06   3.5751351E-06   4.2067394E-07   9.1177225E-08   2.7474254E-06  -4.8290830E-04   3.5754073E-06   3.0039183E-04  -5.1722989E-03  -1.1285210E-03   2.4651484E-04   4.4266759E-04  -4.2478238E-04   2.2282046E-05  -4.8583041E-05   1.0867820E-04   3.8367432E-04   8.8885279E-06   2.4911646E-05   8.5853378E-07   1.2128180E-05   2.5736446E-06  -4.7867154E-06  -1.4665296E-07   1.0606578E-08  -5.4281221E-06   1.6905366E-06   1.2677876E-06   1.0912472E-05  -5.4588214E-08  -7.4311696E-08
  3.2818879E-08  -3.9221112E-07   8.9086730E-08   2.5816542E-06  -7.8190623E-06   2.5217613E-06   7.7391457E-07  -8.1393860E-07  -1.0440597E-06   1.3804849E-05   2.2459882E-03  -3.3215227E-05   4.9867002E-04  -9.6680798E-03  -4.3112074E-03  -1.2346983E-03  -3.1672084E-03  -9.2312765E-05   5.9760969E-04   1.1301267E-03   1.0915309E-03  -1.4054475E-04   6.3435382E-07   8.5853378E-07   1.0460392E-03  -1.1745014E-06   1.0288390E-05   9.9263314E-05  -1.6207852E-06   2.0000841E-07   2.8690874E-05   1.0760841E-05   9.9960296E-06  -1.4739211E-04   6.3054715E-08   3.2663824E-07
  7.8159943E-08  -1.0015409E-06   7.7854298E-08   3.9037055E-06   8.4094740E-06   7.5161714E-06   3.8978415E-06   1.3918898E-06   2.1339421E-07  -2.8965743E-06  -1.0766636E-04  -5.3810944E-06   2.7341905E-04  -3.2754590E-03  -1.3310084E-03  -3.7645799E-05   2.4837238E-04  -4.1493568E-04  -6.1086676E-06   7.3118916E-05   4.2756306E-05   2.5600120E-04   3.2972436E-06   1.2128180E-05  -1.1745014E-06   4.7461509E-05   3.0117053E-06  -1.3866233E-05   1.7702910E-06   1.3047721E-06   4.4204117E-07  -2.3006339E-06  -1.6046047E-05  -3.4610981E-05  -1.1898005E-07  -6.6610291E-08
  7.2057075E-08  -1.2811106E-07  -5.2288773E-08   1.2137804E-06  -6.1211501E-05   1.7333731E-06   2.6623008E-07   4.4324759E-07   4.0387644E-06   2.1544146E-05  -4.7495819E-03  -7.4561710E-05   6.4448771E-04  -2.4827516E-03  -5.3107552E-04   1.0335679E-03   8.3080902E-03  -5.9930205E-04   1.4562136E-04   4.3038707E-04   1.8272170E-04   2.2534101E-03   1.3523520E-06   2.5736446E-06   1.0288390E-05   3.0117053E-06   2.1944117E-03   1.3217170E-04   2.5214006E-05   8.5952691E-07  -6.3546324E-06  -7.1126466E-06  -7.4949878E-05  -3.4161209E-05   1.8233585E-07  -5.4456578E-07
  9.6534251E-08   1.9114893E-07  -3.2203401E-07  -1.0584795E-05  -5.4023926E-05  -2.1344610E-05  -4.2564294E-06   1.5824183E-06   1.9183527E-06   9.2824506E-05   1.2113476E-02  -4.5810803E-04   2.6132615E-03   1.7800828E-02  -4.4146187E-03  -4.2316341E-03  -1.1270543E-02  -1.5346546E-03  -5.4093559E-04  -3.5727570E-04   3.2186373E-03   2.1695087E-03  -8.7181364E-06  -4.7867154E-06   9.9263314E-05  -1.3866233E-05   1.3217170E-04   1.6772323E-02  -8.1549203E-05  -4.6028545E-05  -3.0312990E-05   8.4738901E-05  -1.1210523E-04  -3.8596799E-04   2.7964767E-07   1.6811441E-06
 -1.2038520E-07   1.1423935E-06  -2.7218305E-07  -1.6405460E-05  -2.9237200E-05  -3.0877219E-05  -4.2011610E-06  -5.8347522E-07   2.7025279E-07  -4.0374631E-05  -2.9026778E-03   5.5976428E-05  -3.2469940E-04  -7.6753696E-03   1.7265498E-03   5.5369985E-04   2.5695812E-03   4.5731443E-04  -1.4333101E-03  -1.1514600E-04   1.2411841E-03   2.7866584E-03  -2.0910803E-06  -1.4665296E-07  -1.6207852E-06   1.7702910E-06   2.5214006E-05  -8.1549203E-05   1.4363522E-03   2.9877555E-04   9.0411612E-05  -4.0370543E-04  -2.5894555E-04  -2.7907270E-04   6.7208344E-09  -2.9937685E-08
 -7.2194575E-08   1.9802206E-07  -1.9916042E-08  -6.4514565E-06  -3.1515264E-05  -1.0746448E-05  -6.8927281E-07   1.2701404E-06  -3.1663208E-07  -1.5111818E-05   3.7246417E-03  -1.0245960E-04  -3.6164992E-04   4.1634018E-03   2.2295206E-03  -2.7213789E-03  -5.5821717E-03   1.9661459E-04   4.2800422E-04  -1.8213377E-04   1.5024479E-03   2.1394186E-03  -1.3828572E-07   1.0606578E-08   2.0000841E-07   1.3047721E-06   8.5952691E-07  -4.6028545E-05   2.9877555E-04   8.4612507E-04   5.1781296E-05   7.2770875E-04   9.0038715E-05  -5.9179575E-04  -4.0247223E-07   9.6897950E-07
 -3.1481751E-07   1.7710290E-06  -4.1432574E-07  -2.0118884E-05  -2.2288106E-05  -3.7906953E-05  -4.9638660E-07   4.0722161E-07  -2.0040155E-06   2.6641155E-05  -7.6377977E-03   6.5292919E-05  -1.7317804E-03   1.5832995E-02   2.2782861E-05  -2.1245600E-03   8.3299288E-03   2.1884878E-03  -1.5992270E-04   8.7259724E-04  -2.2858094E-03   3.6954981E-03   5.4069718E-07  -5.4281221E-06   2.8690874E-05   4.4204117E-07  -6.3546324E-06  -3.0312990E-05   9.0411612E-05   5.1781296E-05   7.1816113E-03  -2.5129326E-04   1.7773739E-03   5.7886678E-03   1.6244409E-07  -4.7965059E-07
 -1.4159669E-07   6.8300115E-07   8.4205759E-08  -4.2884102E-06  -2.4263769E-05  -2.6465056E-06  -1.1348232E-06   2.6866387E-06  -7.3305637E-07  -1.6200443E-05   3.8789587E-03  -1.3767784E-04   2.7709671E-05   3.0175954E-02   4.0860499E-03   6.5048981E-04  -2.8874406E-03  -7.9446643E-04  -1.9930365E-04   1.9016013E-04   2.6280901E-03   5.0795536E-03  -6.6290499E-07   1.6905366E-06   1.0760841E-05  -2.3006339E-06  -7.1126466E-06   8.4738901E-05  -4.0370543E-04   7.2770875E-04  -2.5129326E-04   3.0017376E-03   1.2540711E-03  -7.3557293E-05   8.7330434E-08   1.4081991E-06
 -1.2482294E-06   8.4803428E-06  -1.1888496E-06  -6.0587775E-05  -1.5539260E-04  -9.7796873E-05  -1.4378614E-05   2.7762094E-06   4.4707673E-06   1.5482784E-05   2.6291961E-03   2.6633638E-04  -4.5836704E-03   3.5025414E-02   1.4598102E-02   2.4371587E-03   5.3070237E-03   9.1022347E-04  -1.1070185E-03  -1.0299071E-03  -1.1457956E-02  -2.1678557E-02  -2.6621202E-06   1.2677876E-06   9.9960296E-06  -1.6046047E-05  -7.4949878E-05  -1.1210523E-04  -2.5894555E-04   9.0038715E-05   1.7773739E-03   1.2540711E-03   1.6522356E-02   1.9639964E-02  -4.4410415E-08  -2.5750171E-06
 -3.5144500E-06   2.4345891E-05  -3.6491599E-06  -1.5112616E-04  -2.0338180E-04  -2.3397843E-04  -4.3610784E-05   1.0353146E-05   2.7159407E-06  -6.5996588E-05  -1.0816277E-02   6.2914790E-04  -4.0324565E-03  -2.7892130E-02   3.6640490E-02   2.4145151E-02   3.9030838E-02   6.9505787E-04   3.3327161E-03   4.5381832E-03   3.4001009E-03  -1.1253225E-03  -7.7645634E-06   1.0912472E-05  -1.4739211E-04  -3.4610981E-05  -3.4161209E-05  -3.8596799E-04  -2.7907270E-04  -5.9179575E-04   5.7886678E-03  -7.3557293E-05   1.9639964E-02   7.9674307E-02   8.6783972E-07  -6.1622151E-06
  4.4220572E-09  -1.4637014E-09   1.8991124E-09   2.3053304E-08   1.2401663E-07   2.6115153E-07  -1.2089495E-07  -2.2141274E-09  -1.2644953E-08  -2.5887148E-07  -2.3967428E-04   7.3452589E-06   1.7575577E-04   6.0215284E-03  -6.9301689E-06   6.5218867E-04   5.7721455E-04  -1.1226172E-04   2.6661561E-04  -2.7691857E-04   7.0700998E-06   1.0395144E-04  -3.5176331E-08  -5.4588214E-08   6.3054715E-08  -1.1898005E-07   1.8233585E-07   2.7964767E-07   6.7208344E-09  -4.0247223E-07   1.6244409E-07   8.7330434E-08  -4.4410415E-08   8.6783972E-07   5.8975178E-07   6.4489895E-09
 -9.9272641E-09   6.8064811E-08  -4.2995153E-09  -1.4584975E-06  -1.3068878E-07  -2.9888525E-06  -4.9722418E-07  -8.7958238E-08   3.8726296E-08  -1.9134765E-06   4.2243929E-03  -1.5195625E-05  -3.1564623E-04   3.8636139E-03   2.7300599E-04  -2.2661075E-03  -7.4057359E-03   8.8777673E-05   2.7724938E-05  -2.2218405E-04   2.5263641E-03   4.5423927E-03  -9.3620175E-09  -7.4311696E-08   3.2663824E-07  -6.6610291E-08  -5.4456578E-07   1.6811441E-06  -2.9937685E-08   9.6897950E-07  -4.7965059E-07   1.4081991E-06  -2.5750171E-06  -6.1622151E-06   6.4489895E-09   2.0529107E-06
