  1.0000000E+00  -5.9816824E-01   3.8921874E-01   3.8028306E-01   3.4609126E-01   5.2944786E-01   1.3870210E-02   2.4651037E-02   2.9893169E-02  -1.3356069E-01   6.5881118E-02   7.5355434E-02  -1.1404817E-01  -2.5701995E-01  -5.4776010E-02   1.4156473E-02  -9.7947555E-02  -4.4217370E-04  -6.2953601E-02  -7.2240914E-02  -2.0181886E-02   7.2609712E-02   6.2493435E-02   1.0325104E-02   6.4629846E-02   3.0287963E-02   3.0197511E-02  -2.9524721E-03  -1.5869127E-02   2.8040089E-02  -5.0722071E-02  -1.0572329E-01  -1.1468769E-01   5.1583309E-02  -5.8472727E-02   7.3298043E-01   6.7085122E-01  -6.7085122E-01  -5.1981911E-01   6.9306324E-01   1.5653074E-01  -3.4615573E-01  -1.3769347E-01  -6.7198055E-02  -2.8809962E-02   3.4133398E-01   3.4730528E-01  -2.3153166E-01  -1.2460961E-01   3.2935482E-01   6.6649957E-02   3.3313172E-01   5.1322452E-01   5.2944786E-01   9.9967373E-01   9.9967379E-01  -9.9994061E-01  -9.0441884E-01  -9.3949528E-01   3.2096194E-01   3.4652919E-01   2.8423550E-01   9.6494853E-01   1.6256524E-01   2.1284556E-01  -9.3852964E-01  -5.1981945E-01  -5.1981954E-01   5.7742961E-01   5.5233299E-01   6.4036127E-01   8.4295239E-01  -7.6384948E-01  -6.7068236E-01  -4.3136922E-02   2.9585038E-01  -5.5957437E-02   1.1626351E-01  -1.0917493E-01   1.5456287E-02  -1.8131854E-02
 -5.9816824E-01   1.0000000E+00  -4.2058853E-01  -4.3480187E-01  -3.4164520E-01  -7.6210931E-01   3.6351524E-03  -4.0864370E-02  -6.2292817E-02   5.1270638E-02  -3.5102784E-03  -7.3576978E-02   6.0475872E-02   1.6884591E-01   4.9637290E-02   1.1696591E-02   4.9759429E-02   5.4246526E-03   5.9414245E-02   2.6101673E-02   2.5466377E-03  -8.2856306E-02  -8.8216527E-02  -9.5354356E-04  -8.9506990E-02   8.4014321E-03   6.5859862E-03   9.3362562E-03   1.6316219E-02  -1.6376229E-02   2.1910894E-02   6.2218328E-02   6.6851476E-02  -5.2394485E-02  -1.1377276E-03  -9.7084681E-01  -9.9005833E-01   9.9005833E-01   9.9553120E-01   3.1744599E-02  -4.8976738E-02   6.5083370E-01   3.7368377E-01   2.4389079E-01   2.3052980E-01  -3.9960167E-01  -3.4310555E-01   5.4529086E-01   4.0498205E-01  -1.0531890E-01   1.1687281E-01  -1.3942858E-01  -2.5850423E-01  -7.6210931E-01  -5.9762441E-01  -5.9760849E-01   5.9811021E-01   7.6014746E-01   8.3640354E-01  -9.5094372E-01  -4.0259512E-01  -9.3129675E-01  -3.6862206E-01  -8.8792992E-01   6.5564745E-01   3.5720447E-01   9.9553123E-01   9.9553124E-01  -9.9894290E-01  -9.9762159E-01  -9.8807101E-01  -8.8757076E-01   9.5561081E-01   9.9022644E-01   2.4158609E-01  -2.6185157E-01  -3.5353386E-02   1.5168608E-02   1.5085281E-01  -4.6216852E-02  -3.0792155E-02
  3.8921874E-01  -4.2058853E-01   1.0000000E+00   2.0791943E-01   1.7698743E-01   3.9810379E-01   2.4161345E-03   2.4150323E-02   1.9966295E-02  -1.5728384E-02   9.0995511E-03   1.5328618E-03  -1.1862062E-02  -6.9721336E-02  -3.5843145E-02  -2.1740556E-02   1.9699571E-02   2.3189347E-03  -7.3591429E-02  -3.4953901E-02  -6.7478368E-03   3.2117898E-02   5.7078011E-02   2.7610097E-03   3.6837201E-02   1.3001308E-02  -1.2882072E-02   7.1165234E-03   3.8129123E-04   4.5018411E-02  -2.2396362E-02  -2.1012833E-02  -4.5613143E-02   3.9758851E-02   3.1481047E-02   5.7087828E-01   5.2169836E-01  -5.2169836E-01  -4.0249054E-01   5.4675296E-01   7.6312727E-02  -3.0395246E-01  -1.4949567E-01  -9.6942585E-02  -1.0480650E-01   1.9192891E-01   1.7664557E-01  -1.9010571E-01  -1.8098894E-01   7.7337076E-02   3.1751719E-02   1.8464263E-01   2.5275446E-01   3.9810379E-01   3.8956855E-01   3.8955626E-01  -3.8955740E-01  -7.0768470E-01  -4.4621868E-01   3.4693911E-01   9.9884453E-01   2.1800438E-01   3.1440527E-01   2.9457460E-01  -1.4585748E-01  -9.8654018E-02  -4.0249057E-01  -4.0249066E-01   4.4801804E-01   4.4482327E-01   5.5111148E-01   6.5828629E-01  -5.9542607E-01  -5.2160162E-01  -7.7892305E-02   1.8637906E-01   8.7400953E-03  -2.5383388E-02  -1.2115962E-01   2.3570455E-02   4.2015766E-04
  3.8028306E-01  -4.3480187E-01   2.0791943E-01   1.0000000E+00   9.8228884E-01   4.6941381E-01  -1.0622433E-02   1.0806620E-02   3.5495166E-02  -1.1936321E-01   6.4851260E-02   4.6487328E-02  -9.4808298E-02  -1.4414619E-01  -4.1859994E-03   4.2415622E-02  -1.1237051E-01  -1.0037604E-02  -8.5652668E-02  -5.7251804E-02  -8.9930125E-03   1.4628535E-02   4.4226269E-02   3.9581859E-03   3.3756692E-02  -3.3227377E-03   2.4072860E-02  -1.4296130E-02  -1.9272864E-02  -1.6673022E-02  -1.5840884E-02  -3.6690664E-02  -3.5195944E-02   3.5142973E-02  -4.8628386E-02   4.5069523E-01   4.4486422E-01  -4.4486422E-01  -4.1869452E-01   1.1900484E-01   9.0654358E-01   3.8604695E-01   6.5892116E-01   7.5199347E-01   7.4550022E-01   9.9707795E-01   9.8198009E-01  -2.3452422E-01   1.5766379E-01   1.3683036E-02  -9.6206542E-02   4.0271884E-02   3.1612076E-01   4.6941381E-01   3.7949670E-01   3.7949110E-01  -3.8010829E-01  -4.1466757E-01  -4.4573967E-01   3.6716302E-01   1.9439418E-01   3.5400790E-01   2.9992398E-01   3.1715513E-01  -1.7201872E-01  -2.9078760E-01  -4.1869502E-01  -4.1869488E-01   4.3075825E-01   4.2561872E-01   4.3901336E-01   4.4460092E-01  -4.5146550E-01  -4.4505054E-01   7.5483848E-01   9.6835707E-01  -2.1427940E-01   7.0194428E-01  -4.4242412E-02  -7.3757189E-03   1.5861953E-02
  3.4609126E-01  -3.4164520E-01   1.7698743E-01   9.8228884E-01   1.0000000E+00   3.8898078E-01   1.4124734E-01   7.7102812E-03   3.1366876E-02  -1.1571239E-01   7.1744223E-02   3.8627627E-02  -8.4223477E-02  -1.2449390E-01   7.7322416E-03   5.8275484E-02  -1.1783676E-01  -1.4204718E-02  -9.2727583E-02  -6.0525854E-02  -2.8225408E-03   1.0081103E-02   3.5110015E-02   4.4213913E-03   2.4581664E-02  -4.6140786E-03   2.9645714E-02  -1.3393645E-02  -1.1196110E-02  -1.8220492E-02  -1.2990504E-02  -3.2736910E-02  -2.8929412E-02   4.2146503E-02  -4.7028861E-02   3.6595500E-01   3.5570864E-01  -3.5570864E-01  -3.2341680E-01   1.4775557E-01   9.5206083E-01   4.8285058E-01   7.3918657E-01   8.2196096E-01   8.2123188E-01   9.8195521E-01   9.9971099E-01  -4.8225476E-02   2.9991947E-01   1.4455810E-01   7.0905211E-02   1.6612430E-01   4.1673740E-01   3.8898078E-01   3.4543096E-01   3.4542509E-01  -3.4593223E-01  -3.6028616E-01  -3.8257341E-01   2.7026521E-01   1.6419346E-01   2.5756642E-01   2.9070689E-01   2.2206399E-01  -9.0644562E-02  -2.8086444E-01  -3.2341725E-01  -3.2341721E-01   3.3716644E-01   3.3134861E-01   3.4918374E-01   3.7336550E-01  -3.6960051E-01  -3.5585756E-01   8.2529934E-01   9.9281850E-01  -2.3401873E-01   7.4084755E-01  -3.1253304E-02  -8.1689469E-03   8.7687948E-03
  5.2944786E-01  -7.6210931E-01   3.9810379E-01   4.6941381E-01   3.8898078E-01   1.0000000E+00  -2.8369897E-02   2.6279634E-02   6.0112435E-02  -1.9226964E-01   1.0965667E-01   1.5887428E-01  -2.2652338E-01  -2.5106501E-01   4.9651199E-02   1.1106571E-01  -2.3817414E-01   3.1891555E-02  -8.6232467E-02  -4.0502507E-02   1.8795640E-02   1.1636264E-01   1.3648948E-01   3.3639164E-03   1.2149175E-01  -5.4076226E-03   5.1267310E-05   3.1268083E-03  -1.4971555E-02   1.1725220E-02  -1.4151863E-02  -6.0878582E-02  -6.1922305E-02   8.2827713E-03  -5.1178824E-02   7.6772320E-01   7.6997300E-01  -7.6997300E-01  -7.5003315E-01   8.8877156E-02   2.1882239E-01  -3.6784535E-01  -1.2191421E-01  -1.6566917E-02  -1.5154850E-01   4.4144149E-01   3.9061197E-01  -4.8419315E-01  -6.6364930E-01  -2.3546281E-01  -6.4088296E-02   3.2110969E-01   4.9965655E-01   1.0000000E+00   5.2833850E-01   5.2832506E-01  -5.2918520E-01  -6.5381051E-01  -6.8746785E-01   6.9645396E-01   3.8190113E-01   6.6962088E-01   3.6640954E-01   6.3460554E-01  -4.3059017E-01  -3.3874336E-01  -7.5003312E-01  -7.5003381E-01   7.6182636E-01   7.5820949E-01   7.6881552E-01   7.2988728E-01  -7.6228077E-01  -7.7032336E-01  -1.1785031E-02   3.7760029E-01   2.2236014E-02  -1.4915732E-01  -1.0862752E-01   4.3369767E-02  -2.7013963E-02
  1.3870210E-02   3.6351524E-03   2.4161345E-03  -1.0622433E-02   1.4124734E-01  -2.8369897E-02   1.0000000E+00   7.6341192E-05   1.4573858E-02   6.5573382E-02  -5.1752003E-03  -1.5329350E-02   6.3268931E-02   3.1386921E-02  -4.0868340E-03   2.3621646E-02   2.9007880E-02  -6.5906174E-03  -1.4295059E-02   6.9927578E-05   4.3586228E-02   3.8052360E-02   1.3028757E-02   2.0638171E-03   2.4696991E-02  -4.0501514E-03   2.1309783E-02  -6.0996246E-03   3.9851540E-02  -5.4089800E-03   1.9631339E-02   8.5604458E-03   1.3761569E-02   6.2244185E-03   2.9420999E-02   4.2925894E-04  -1.4904209E-03   1.4904209E-03   5.5099676E-03   1.8425027E-02   1.4642685E-01   1.1258712E-01   1.3704495E-01   1.4284966E-01   1.5857980E-01  -1.4994549E-02   1.4274922E-01   7.8936895E-01   4.9192854E-01   7.5675887E-01   9.2918653E-01   8.3207062E-01   7.0258428E-01  -2.8369897E-02   1.4249131E-02   1.4238999E-02  -1.3873754E-02  -8.8168549E-03  -8.0144073E-03  -9.6207597E-03   2.0812838E-03  -1.0294673E-02   1.8030740E-02  -1.2485160E-02   1.7486520E-02  -1.6570019E-02   5.5104800E-03   5.5097336E-03  -4.0693829E-03  -4.6668949E-03  -2.2349061E-03   4.8075168E-03  -1.5338630E-03   1.5057429E-03   1.4304305E-01   1.4073387E-01  -4.1771443E-02   3.7686373E-02  -3.6367640E-03   6.4215624E-02  -2.9845398E-02
  2.4651037E-02  -4.0864370E-02   2.4150323E-02   1.0806620E-02   7.7102812E-03   2.6279634E-02   7.6341192E-05   1.0000000E+00  -3.8168121E-02   3.1791555E-03   3.0739174E-02  -9.6224672E-03  -4.0492225E-03  -3.2757523E-03   3.9868779E-03  -6.1776460E-03   1.8419632E-02   1.9953451E-02  -1.7230522E-03  -1.5827059E-02  -1.7511243E-02  -4.4588637E-03   2.7743572E-03  -1.6341872E-02   1.2518600E-02  -9.6165243E-03   7.0279359E-03   1.2355173E-02  -1.4225040E-02   3.4653040E-02  -1.1423069E-02  -3.4702097E-03  -2.1790769E-03  -1.3320604E-03   2.8010126E-03   4.0970131E-02   4.0873370E-02  -4.0873370E-02  -4.0658217E-02   2.1923811E-03  -5.0121632E-03  -3.2478088E-02  -2.2171159E-02  -1.7188986E-02  -1.4888032E-02   8.3228786E-03   8.2056452E-03  -1.7641974E-02  -1.1613997E-02   1.1954337E-02   1.3307020E-04   8.3912073E-03   1.0478087E-02   2.6279634E-02   2.4315975E-02   2.4309904E-02  -2.4457399E-02  -3.3797161E-02  -3.4044510E-02   3.8795713E-02   2.3402000E-02   3.6989973E-02   1.5057904E-02   3.6211317E-02  -2.6802285E-02  -1.2775905E-02  -4.0657619E-02  -4.0657011E-02   4.1217954E-02   4.1152382E-02   4.1672355E-02   3.8658428E-02  -4.0410494E-02  -4.1062520E-02  -1.7071807E-02   4.1463178E-03  -1.7483903E-03   3.7494528E-03   1.3111493E-02   9.4266547E-03  -5.3412065E-04
  2.9893169E-02  -6.2292817E-02   1.9966295E-02   3.5495166E-02   3.1366876E-02   6.0112435E-02   1.4573858E-02  -3.8168121E-02   1.0000000E+00   5.0866372E-03   2.9905243E-02  -9.7045283E-03   9.3051745E-03  -5.7289169E-03   5.1269836E-03  -1.2756851E-02   1.5458512E-02   2.8495759E-03  -1.1887359E-02  -6.0588611E-03  -9.2365581E-03  -2.1870966E-03  -2.0125794E-02   1.0107353E-02  -6.8553002E-03  -4.0997203E-04  -3.6182781E-03   3.3711925E-03   7.2145381E-03   1.1961510E-03   1.9361721E-02   3.0173539E-02   2.6783895E-02   1.9314767E-02   9.2289084E-03   5.8389531E-02   5.9475515E-02  -5.9475515E-02  -6.2882615E-02  -1.3153338E-02   1.4737128E-02  -3.0491053E-02  -1.1792602E-02  -3.0161482E-03  -6.8053240E-03   3.3731898E-02   3.1440155E-02  -2.6308999E-02  -2.9163586E-02   2.8629532E-03   3.9627210E-03   2.2716022E-02   3.0790111E-02   6.0112435E-02   2.9510341E-02   2.9508040E-02  -2.9546312E-02  -4.0880585E-02  -4.6824937E-02   6.2342831E-02   1.9187022E-02   6.2076059E-02   1.4068289E-02   5.9851786E-02  -4.8238009E-02  -1.4486158E-02  -6.2882895E-02  -6.2883679E-02   6.2850600E-02   6.2993802E-02   6.0957060E-02   5.1579061E-02  -5.6634693E-02  -5.9945985E-02  -3.5524817E-03   2.7303736E-02   9.4464785E-03  -3.5182331E-03   3.2978757E-02   3.5538587E-03   8.4072655E-03
 -1.3356069E-01   5.1270638E-02  -1.5728384E-02  -1.1936321E-01  -1.1571239E-01  -1.9226964E-01   6.5573382E-02   3.1791555E-03   5.0866372E-03   1.0000000E+00  -2.7922452E-01  -1.6596393E-01   2.7096142E-01   2.2129761E-03  -3.4645899E-01  -8.4349195E-01   4.6266286E-02  -1.4476742E-02   3.5776373E-02  -8.8499606E-02  -3.9432597E-01  -3.2211219E-02  -5.8554863E-02   2.9578506E-02  -3.1541576E-02   6.1088723E-03  -3.2183825E-02   1.3969730E-03   1.7660457E-02  -2.7395880E-02   4.6170337E-03   1.9099740E-02   2.3124304E-03  -6.8219117E-02   4.4637510E-01  -6.9654589E-02  -5.9958624E-02   5.9958624E-02   3.8916213E-02  -9.7930149E-02  -1.1784168E-01  -4.8297793E-02  -8.4492356E-02  -9.4300552E-02  -4.9816704E-02  -1.1487215E-01  -1.1621893E-01   3.5831180E-02   1.0669237E-01   6.6373404E-02  -1.9486209E-02  -1.0900813E-01  -1.6659676E-01  -1.9226964E-01  -1.3282344E-01  -1.3282027E-01   1.3295910E-01   1.0074535E-01   1.1284042E-01  -9.0121320E-03  -9.1232221E-03  -8.0671329E-03  -1.3686114E-01   1.3407512E-02  -6.3003537E-02   1.4108479E-01   3.8916567E-02   3.8917209E-02  -4.6892216E-02  -4.2822212E-02  -5.4293729E-02  -8.8059850E-02   7.4362046E-02   6.0050798E-02  -9.7263681E-02  -1.2647041E-01  -1.6507518E-02  -2.0805617E-02   6.0124201E-03   2.7643760E-02  -2.3646015E-02
  6.5881118E-02  -3.5102784E-03   9.0995511E-03   6.4851260E-02   7.1744223E-02   1.0965667E-01  -5.1752003E-03   3.0739174E-02   2.9905243E-02  -2.7922452E-01   1.0000000E+00  -8.6885632E-02  -9.0995052E-02   4.5273617E-01   6.9539432E-01   2.7055506E-01   5.5312870E-02   1.1526819E-02   2.5647931E-02   1.1392384E-01   7.5697818E-02   6.1012127E-03   2.7355800E-03  -4.4503740E-03   1.4010282E-03  -1.9635450E-02   1.2940197E-02   2.7890581E-02   8.5860479E-03   3.4746178E-03  -2.2693774E-02  -2.9220657E-02  -1.5478133E-02   4.5797971E-02  -2.6203558E-02   1.7701603E-02   1.0202271E-02  -1.0202271E-02   4.0223566E-03   6.7258485E-02   8.3625744E-02   5.6813198E-02   7.3666012E-02   7.6564564E-02   4.4591918E-02   6.2855381E-02   7.2419104E-02   2.6645313E-02  -4.3504194E-02  -2.0791346E-02   5.8196622E-02   1.0761130E-01   1.3640422E-01   1.0965667E-01   6.6277123E-02   6.6268885E-02  -6.5662624E-02  -4.5211877E-02  -4.6336532E-02  -2.1241535E-02   5.8072787E-03  -2.2921379E-02   7.5490177E-02  -3.3478169E-02   5.7608487E-02  -7.4599362E-02   4.0219334E-03   4.0212167E-03   1.4291872E-03  -1.0324504E-03   7.6606799E-03   3.2939710E-02  -2.1283693E-02  -1.0378542E-02   7.8396842E-02   8.2742392E-02  -2.0900825E-02   1.5419256E-02  -1.2736036E-02   3.3395468E-03  -1.6063898E-02
  7.5355434E-02  -7.3576978E-02   1.5328618E-03   4.6487328E-02   3.8627627E-02   1.5887428E-01  -1.5329350E-02  -9.6224672E-03  -9.7045283E-03  -1.6596393E-01  -8.6885632E-02   1.0000000E+00  -5.4215481E-01  -2.5413188E-01   4.0262833E-01   3.2498988E-01  -5.2573719E-01  -6.2884822E-02  -5.7492959E-03   2.9711634E-01   1.5821752E-01   2.4311822E-02   2.5099643E-02   3.9689277E-03   2.1663738E-02   4.5697197E-02   2.1617360E-02   7.6889388E-03   1.1336694E-02  -1.3440178E-02  -2.2922372E-03   7.9017524E-03   4.3206044E-03   1.3290911E-01  -1.3512441E-01   7.2819016E-02   7.2779221E-02  -7.2779221E-02  -6.9554831E-02   1.3911694E-02   2.7607370E-02  -2.9507324E-02  -5.0527029E-03   5.0185077E-03  -2.9298329E-02   4.2208909E-02   3.9148334E-02  -4.7337834E-02  -1.2090845E-01  -5.6371892E-02   1.0807286E-02   7.8663711E-02   1.0491236E-01   1.5887428E-01   7.4908583E-02   7.4910567E-02  -7.5182236E-02  -6.4439494E-02  -8.2920249E-02   5.7788124E-02  -2.1065878E-03   6.0394647E-02   6.3232122E-02   4.7290158E-02  -1.8720970E-02  -7.1001375E-02  -6.9554607E-02  -6.9554723E-02   7.0888700E-02   6.9496284E-02   6.9228530E-02   7.0296463E-02  -7.2661025E-02  -7.2695208E-02   5.7301224E-03   4.2341110E-02  -1.4374898E-01  -4.2820076E-02  -5.0078550E-03   8.3083318E-02  -1.6000357E-01
 -1.1404817E-01   6.0475872E-02  -1.1862062E-02  -9.4808298E-02  -8.4223477E-02  -2.2652338E-01   6.3268931E-02  -4.0492225E-03   9.3051745E-03   2.7096142E-01  -9.0995052E-02  -5.4215481E-01   1.0000000E+00   3.0418577E-01  -2.4186677E-01  -2.6359656E-01   1.8384113E-01  -7.7140656E-02   6.6627094E-02  -9.4825162E-02  -8.5226837E-02  -3.8309439E-03  -2.7534491E-02   8.3479629E-03  -2.2494158E-02  -3.0545384E-02  -8.6777545E-03  -1.8024851E-02  -3.9576821E-03   3.4445968E-03   1.5042947E-02   1.6948300E-02   1.2849337E-02   2.5171594E-01   1.1202145E-01  -7.2226164E-02  -6.6046101E-02   6.6046101E-02   5.1029173E-02  -6.9028420E-02  -8.6399842E-02  -1.9965182E-02  -5.2557797E-02  -6.2664224E-02  -4.8055330E-03  -8.9461763E-02  -8.4926852E-02   6.8350666E-02   1.7059660E-01   1.1834204E-01   3.6838847E-03  -1.0101970E-01  -1.5591588E-01  -2.2652338E-01  -1.1338366E-01  -1.1338110E-01   1.1381876E-01   8.9395681E-02   1.0366905E-01  -2.7396847E-02  -6.5973325E-03  -2.7548324E-02  -1.1344928E-01  -8.8753685E-03  -3.3601246E-02   1.1706850E-01   5.1029478E-02   5.1029965E-02  -5.6682062E-02  -5.3553392E-02  -6.0920149E-02  -8.3208026E-02   7.5269443E-02   6.6013094E-02  -6.4898448E-02  -9.7526888E-02   1.5919784E-01   3.1516999E-02   2.3428124E-02  -1.5903926E-01   1.7192582E-01
 -2.5701995E-01   1.6884591E-01  -6.9721336E-02  -1.4414619E-01  -1.2449390E-01  -2.5106501E-01   3.1386921E-02  -3.2757523E-03  -5.7289169E-03   2.2129761E-03   4.5273617E-01  -2.5413188E-01   3.0418577E-01   1.0000000E+00   5.7199056E-01   2.1675534E-01  -2.3009509E-01  -1.0702629E-02  -4.6530421E-02   1.2671172E-01   7.4873813E-02  -2.2637901E-02  -3.7219488E-02  -2.3242492E-03  -1.4519012E-02  -3.9772933E-02  -2.6706636E-03   3.9124650E-04   2.8759564E-02  -1.1896873E-02   1.4955252E-02  -2.0421819E-02   1.2774702E-02  -1.9623027E-02   1.6123721E-02  -1.9518635E-01  -1.8246781E-01   1.8246781E-01   1.4970610E-01  -1.4997995E-01  -8.4542139E-02   6.2320670E-02  -1.5678472E-03  -2.3875584E-02   4.4056923E-03  -1.3337329E-01  -1.2520401E-01   1.2256979E-01   1.4777435E-01   3.6203688E-02   2.5263791E-02  -9.3875054E-02  -1.6771095E-01  -2.5106501E-01  -2.5588323E-01  -2.5589374E-01   2.5674171E-01   2.2480982E-01   2.4766437E-01  -1.0024980E-01  -5.8491990E-02  -9.5881574E-02  -2.4280182E-01  -6.0341792E-02  -3.6243683E-02   2.4520547E-01   1.4970638E-01   1.4970605E-01  -1.6224066E-01  -1.5600402E-01  -1.7326478E-01  -2.1602450E-01   2.0132899E-01   1.8237892E-01  -2.9131615E-02  -1.2093990E-01   4.8534957E-02  -9.4575594E-04   2.3589284E-02  -1.1256675E-01   4.8910194E-02
 -5.4776010E-02   4.9637290E-02  -3.5843145E-02  -4.1859994E-03   7.7322416E-03   4.9651199E-02  -4.0868340E-03   3.9868779E-03   5.1269836E-03  -3.4645899E-01   6.9539432E-01   4.0262833E-01  -2.4186677E-01   5.7199056E-01   1.0000000E+00   6.1799635E-01  -4.7925501E-01  -2.5717518E-02  -1.4715124E-02   1.3851421E-01   9.4283127E-02   7.3628726E-03   5.1162856E-03  -6.7830939E-03   5.4409353E-03  -1.3850558E-02   2.0323907E-02   3.1481303E-02   1.8390532E-02  -8.3186596E-03  -4.7675600E-03  -1.9574022E-02   4.9572582E-03   9.1389112E-02  -1.6602792E-01  -5.5672648E-02  -5.3455581E-02   5.3455581E-02   4.6459900E-02  -3.1343407E-02   3.4757652E-02   6.3796981E-02   5.5099190E-02   5.0802359E-02   1.6450161E-02  -1.7229377E-03   8.0558174E-03   6.2568984E-02  -3.4956032E-02  -3.9098413E-02   6.9885029E-02   8.5682290E-02   8.1974580E-02   4.9651199E-02  -5.4166029E-02  -5.4171804E-02   5.4868008E-02   5.8830962E-02   5.8715800E-02  -3.7504581E-02  -3.3971502E-02  -3.4143778E-02  -4.7002490E-02  -2.9702070E-02   8.8473995E-03   4.3571849E-02   4.6460043E-02   4.6459593E-02  -4.9131287E-02  -4.8155677E-02  -5.2421866E-02  -5.8742427E-02   5.6804523E-02   5.3370607E-02   4.9480937E-02   2.1865586E-02  -6.4249201E-02  -2.3323034E-02   6.9040831E-03  -2.8505377E-02  -7.2893898E-02
  1.4156473E-02   1.1696591E-02  -2.1740556E-02   4.2415622E-02   5.8275484E-02   1.1106571E-01   2.3621646E-02  -6.1776460E-03  -1.2756851E-02  -8.4349195E-01   2.7055506E-01   3.2498988E-01  -2.6359656E-01   2.1675534E-01   6.1799635E-01   1.0000000E+00  -3.7821541E-01  -1.0312599E-02  -3.8857124E-02   4.5256314E-03   1.9929164E-01   1.6417694E-02   3.9293494E-02  -2.8426269E-02   2.7540497E-02  -1.5048833E-02   4.0918405E-02   2.0619419E-02  -3.4553501E-03   1.3078270E-02  -1.1782579E-03  -5.7645304E-03   1.8741611E-02   8.0685345E-02  -4.7232143E-01  -9.8064769E-03  -1.1562276E-02   1.1562276E-02   1.4137398E-02   1.2699405E-02   7.7226136E-02   6.6949940E-02   7.6874274E-02   7.8447874E-02   3.7540560E-02   4.2190774E-02   5.8612921E-02   7.6346500E-02  -3.9861302E-02  -7.8756458E-03   1.1330555E-01   1.5416001E-01   1.6562331E-01   1.1106571E-01   1.3956891E-02   1.3952814E-02  -1.3719033E-02   1.9458944E-03  -4.4131382E-03  -1.9303580E-02  -2.3023895E-02  -1.6779494E-02   1.9398626E-02  -2.2447969E-02   2.7362425E-02  -2.4806624E-02   1.4137399E-02   1.4136837E-02  -1.3186969E-02  -1.4053809E-02  -1.3217121E-02  -5.8335850E-03   8.9897177E-03   1.1486012E-02   7.8573974E-02   7.1879754E-02  -9.1831075E-03  -1.0193257E-02   1.5380108E-04  -6.7368221E-02  -1.2695703E-02
 -9.7947555E-02   4.9759429E-02   1.9699571E-02  -1.1237051E-01  -1.1783676E-01  -2.3817414E-01   2.9007880E-02   1.8419632E-02   1.5458512E-02   4.6266286E-02   5.5312870E-02  -5.2573719E-01   1.8384113E-01  -2.3009509E-01  -4.7925501E-01  -3.7821541E-01   1.0000000E+00   2.9496683E-02   4.2424362E-03  -1.7378531E-01  -8.3330942E-02  -2.5727877E-02  -3.2234482E-02  -1.2710684E-02  -2.3157891E-02   2.4327645E-03  -1.8680596E-02  -1.7736144E-02  -2.1131128E-02   1.3311103E-02   5.7080449E-03   3.9243953E-02   4.1831218E-03  -6.3344486E-02   5.2346153E-02  -5.5393941E-02  -5.1565346E-02   5.1565346E-02   4.1502352E-02  -4.5649366E-02  -1.2709147E-01  -6.1730933E-02  -9.7031466E-02  -1.0774295E-01  -4.2743298E-02  -1.0999007E-01  -1.1791859E-01  -1.2377450E-02   1.3251320E-01   6.6344594E-02  -8.8795083E-02  -1.8808378E-01  -2.3557490E-01  -2.3817414E-01  -9.7831613E-02  -9.7830045E-02   9.8122354E-02   6.5264017E-02   8.8403551E-02  -2.1027417E-02   2.4980924E-02  -2.5441066E-02  -9.8178536E-02  -4.9973316E-03  -3.1685322E-02   1.0932309E-01   4.1502181E-02   4.1502650E-02  -4.5340469E-02  -4.2524373E-02  -4.5643587E-02  -6.1990629E-02   5.7392854E-02   5.1511797E-02  -1.0908519E-01  -1.3336742E-01   8.8892863E-02   2.2007570E-02  -8.2900184E-03   1.1562508E-01   9.7453903E-02
 -4.4217370E-04   5.4246526E-03   2.3189347E-03  -1.0037604E-02  -1.4204718E-02   3.1891555E-02  -6.5906174E-03   1.9953451E-02   2.8495759E-03  -1.4476742E-02   1.1526819E-02  -6.2884822E-02  -7.7140656E-02  -1.0702629E-02  -2.5717518E-02  -1.0312599E-02   2.9496683E-02   1.0000000E+00   1.4040173E-01   2.4767383E-02   2.1932506E-02  -2.5264287E-02   1.7757815E-02   7.9057110E-04  -4.3657400E-04   2.7286846E-02   5.5016994E-03   7.9527455E-03   6.0278997E-03   8.9463301E-03   2.9632145E-03  -8.7359787E-03   2.0353989E-03   1.9339741E-01  -9.0849303E-03  -3.8026267E-03  -4.9724197E-03   4.9724197E-03   5.7312824E-03   5.0590115E-03  -8.9970715E-03  -3.5422916E-03  -6.4067201E-03  -7.5705317E-03  -2.1207875E-02  -1.1088162E-02  -1.3616208E-02  -2.0290663E-02  -4.8792444E-02  -4.5216214E-02  -1.5820971E-02   1.7143000E-03   6.3068091E-03   3.1891555E-02  -1.5334765E-03  -1.5456581E-03   7.1522751E-04   6.1521961E-04   2.8985650E-03  -6.1965823E-03   2.3006264E-03  -6.7755181E-03   1.7327308E-03  -6.4181629E-03   5.8872954E-03   3.2290348E-04   5.7307643E-03   5.7305967E-03  -5.1819332E-03  -5.2942230E-03  -4.3012646E-03  -1.9035465E-03   3.5832292E-03   4.7807806E-03  -7.5293617E-03  -9.6616824E-03   2.2667784E-02  -3.0234520E-02   2.8683592E-03   9.3645146E-03   1.2954329E-02
 -6.2953601E-02   5.9414245E-02  -7.3591429E-02  -8.5652668E-02  -9.2727583E-02  -8.6232467E-02  -1.4295059E-02  -1.7230522E-03  -1.1887359E-02   3.5776373E-02   2.5647931E-02  -5.7492959E-03   6.6627094E-02  -4.6530421E-02  -1.4715124E-02  -3.8857124E-02   4.2424362E-03   1.4040173E-01   1.0000000E+00   3.4305726E-01   1.1702698E-01  -2.3989373E-03  -1.9338798E-02   1.5011307E-02  -6.5442125E-03  -3.5110733E-03   6.0881699E-03   8.7858950E-03   2.8031768E-02  -1.4056893E-02   1.4388330E-02   5.5882740E-03   1.3203150E-02  -1.9486666E-01  -7.3920689E-02  -7.1057721E-02  -6.7321868E-02   6.7321868E-02   5.5918717E-02  -5.0880493E-02  -8.3693276E-02  -1.7482519E-02  -4.9818608E-02  -6.0469541E-02  -5.0773178E-02  -8.2862870E-02  -9.2942775E-02  -2.4574790E-02  -8.1477464E-03  -4.2891319E-02  -6.7095828E-02  -9.3609224E-02  -1.1266473E-01  -8.6232467E-02  -6.3187528E-02  -6.3174446E-02   6.2979496E-02   8.0031588E-02   6.8553425E-02  -4.5833562E-02  -7.2208103E-02  -3.7345847E-02  -5.3549793E-02  -3.6955610E-02   1.2985651E-02   4.1024368E-02   5.5918278E-02   5.5918749E-02  -6.0011173E-02  -5.9055303E-02  -6.7318362E-02  -7.7405789E-02   7.3180440E-02   6.7121122E-02  -6.2225987E-02  -9.5015699E-02   1.8239668E-02  -4.8972189E-02  -3.1162923E-03   7.3086087E-03   2.2331033E-03
 -7.2240914E-02   2.6101673E-02  -3.4953901E-02  -5.7251804E-02  -6.0525854E-02  -4.0502507E-02   6.9927578E-05  -1.5827059E-02  -6.0588611E-03  -8.8499606E-02   1.1392384E-01   2.9711634E-01  -9.4825162E-02   1.2671172E-01   1.3851421E-01   4.5256314E-03  -1.7378531E-01   2.4767383E-02   3.4305726E-01   1.0000000E+00   8.4082018E-01   1.4188965E-02   6.0042050E-03   2.9234430E-03   8.5910528E-03  -8.9325200E-03  -2.5901739E-03  -2.4306292E-02   1.3975080E-02   9.2281041E-03  -1.1241755E-02  -7.6558167E-03   1.2122772E-02   4.5737255E-04   4.1733566E-01  -4.0606789E-02  -3.4520071E-02   3.4520071E-02   1.9312460E-02  -6.8544366E-02  -5.5742856E-02  -1.8869624E-02  -3.7602024E-02  -4.2259706E-02  -4.1294062E-02  -5.5162567E-02  -6.0793840E-02  -8.8302778E-03  -1.5149375E-02  -3.1327245E-02  -2.6836311E-02  -4.5548007E-02  -6.5572724E-02  -4.0502507E-02  -7.2727501E-02  -7.2732471E-02   7.2282860E-02   6.3878645E-02   6.0637557E-02  -2.8890131E-03  -3.2291390E-02   1.6081900E-03  -7.6237419E-02   9.4761113E-03  -3.6441056E-02   7.0251375E-02   1.9312016E-02   1.9311348E-02  -2.4587303E-02  -2.2473542E-02  -3.1776642E-02  -5.3563403E-02   4.4211574E-02   3.4300256E-02  -4.4540301E-02  -6.1010336E-02  -4.6970448E-02  -4.1209036E-02  -8.4054072E-03   4.0545472E-02  -6.1337238E-02
 -2.0181886E-02   2.5466377E-03  -6.7478368E-03  -8.9930125E-03  -2.8225408E-03   1.8795640E-02   4.3586228E-02  -1.7511243E-02  -9.2365581E-03  -3.9432597E-01   7.5697818E-02   1.5821752E-01  -8.5226837E-02   7.4873813E-02   9.4283127E-02   1.9929164E-01  -8.3330942E-02   2.1932506E-02   1.1702698E-01   8.4082018E-01   1.0000000E+00   3.0083575E-02   3.7251159E-02  -7.5504734E-03   1.7696965E-02  -1.0425861E-02  -7.1758300E-03  -3.6551792E-02  -8.4774102E-03   2.8049013E-02  -1.1020691E-02  -2.1714132E-02  -7.8210148E-04   1.9266156E-02   4.2028888E-01  -7.1677156E-03  -5.2549064E-03   5.2549064E-03   3.3683412E-04  -2.1817723E-02   9.3182762E-04   4.2620063E-03   3.0095357E-03   3.1036375E-03  -6.2409415E-03  -8.5448692E-03  -3.0140370E-03   3.3304877E-02  -6.2840736E-03   8.7627062E-03   4.4333862E-02   4.6644515E-02   3.8257736E-02   1.8795640E-02  -2.0687143E-02  -2.0694320E-02   2.0241118E-02   1.5732456E-02   1.4966021E-02   4.7790295E-03  -6.1465003E-03   5.8462119E-03  -2.3988742E-02   8.5702380E-03  -1.6043641E-02   2.1620187E-02   3.3640373E-04   3.3549835E-04  -1.9888974E-03  -1.3006451E-03  -4.1315816E-03  -1.1666503E-02   8.4435378E-03   5.1497967E-03   2.3221044E-03  -1.8746137E-04  -2.9923759E-02  -2.1508907E-02  -5.3217673E-03   3.8669107E-02  -3.7506613E-02
  7.2609712E-02  -8.2856306E-02   3.2117898E-02   1.4628535E-02   1.0081103E-02   1.1636264E-01   3.8052360E-02  -4.4588637E-03  -2.1870966E-03  -3.2211219E-02   6.1012127E-03   2.4311822E-02  -3.8309439E-03  -2.2637901E-02   7.3628726E-03   1.6417694E-02  -2.5727877E-02  -2.5264287E-02  -2.3989373E-03   1.4188965E-02   3.0083575E-02   1.0000000E+00   3.1526686E-01  -1.6926261E-02   7.3808695E-02  -1.6036298E-03   3.4749726E-03  -4.7534863E-03   1.2968338E-02   3.7562377E-02   4.4523377E-03  -1.3017186E-02  -6.8666847E-03   2.5632131E-02   1.2433189E-03   8.4777661E-02   8.3931052E-02  -8.3931052E-02  -7.9771264E-02   1.8930766E-02  -1.0352635E-02  -6.6261489E-02  -4.5230581E-02  -3.5558288E-02  -5.2950129E-02   1.0736392E-02   1.0052029E-02  -2.5619493E-02  -8.3096570E-02  -9.8240324E-04   3.1529201E-02   7.8493462E-02   8.7530264E-02   1.1636264E-01   7.2448574E-02   7.2432557E-02  -7.2756316E-02  -7.6505285E-02  -8.5130363E-02   6.9992214E-02   2.9476952E-02   6.8574972E-02   5.7425326E-02   6.0419465E-02  -3.2595306E-02  -5.7720303E-02  -7.9770400E-02  -7.9770515E-02   8.1928925E-02   8.0916453E-02   8.2626294E-02   8.2912919E-02  -8.4747569E-02  -8.4012773E-02  -3.4690658E-02   8.2500584E-03  -2.1356740E-01  -6.0707179E-02   1.3012332E-02   3.0266806E-01  -2.3673100E-01
  6.2493435E-02  -8.8216527E-02   5.7078011E-02   4.4226269E-02   3.5110015E-02   1.3648948E-01   1.3028757E-02   2.7743572E-03  -2.0125794E-02  -5.8554863E-02   2.7355800E-03   2.5099643E-02  -2.7534491E-02  -3.7219488E-02   5.1162856E-03   3.9293494E-02  -3.2234482E-02   1.7757815E-02  -1.9338798E-02   6.0042050E-03   3.7251159E-02   3.1526686E-01   1.0000000E+00  -1.2758445E-02   3.5781955E-01   6.2356355E-03   3.3543761E-02  -4.7507418E-03  -2.4649337E-02   2.4553317E-02  -4.8628415E-03  -3.8924261E-03   3.8698263E-03   1.6692714E-02  -7.5233083E-03   9.1019210E-02   9.0286601E-02  -9.0286601E-02  -8.6676953E-02   1.6960850E-02   1.7514395E-02  -4.9430146E-02  -2.1964194E-02  -1.0165705E-02  -3.3645919E-02   4.0440901E-02   3.5533586E-02  -5.3634984E-02  -1.0018875E-01  -3.8613391E-02   2.5972165E-03   5.6669653E-02   7.6374211E-02   1.3648948E-01   6.2382407E-02   6.2371448E-02  -6.2541781E-02  -8.0581318E-02  -8.0467305E-02   8.0231155E-02   5.5351107E-02   7.5518528E-02   4.4251805E-02   7.2792445E-02  -4.8761805E-02  -3.7765091E-02  -8.6676496E-02  -8.6675910E-02   8.8746031E-02   8.8306694E-02   9.0948200E-02   8.8317416E-02  -9.0720796E-02  -9.0434743E-02  -9.4480436E-03   3.6481750E-02  -5.5178829E-02  -4.1727495E-02   9.8871959E-03   7.6793619E-02  -6.9827407E-02
  1.0325104E-02  -9.5354356E-04   2.7610097E-03   3.9581859E-03   4.4213913E-03   3.3639164E-03   2.0638171E-03  -1.6341872E-02   1.0107353E-02   2.9578506E-02  -4.4503740E-03   3.9689277E-03   8.3479629E-03  -2.3242492E-03  -6.7830939E-03  -2.8426269E-02  -1.2710684E-02   7.9057110E-04   1.5011307E-02   2.9234430E-03  -7.5504734E-03  -1.6926261E-02  -1.2758445E-02   1.0000000E+00   9.1840554E-03  -1.6389243E-02  -2.5991228E-02  -2.7229079E-02  -4.2939630E-03   3.9148018E-03  -2.7215251E-03  -8.3178245E-03  -1.7854685E-02  -3.2407845E-04   8.2103057E-03   3.2877821E-03   2.3512918E-03  -2.3512918E-03   2.0024049E-04   1.1180488E-02   4.4798082E-03   2.2729037E-03   3.4943927E-03   3.5587414E-03   3.4643286E-03   4.2804740E-03   4.3930816E-03   1.7170049E-03   9.3529588E-04   3.9439420E-03   3.2249040E-03   5.7073943E-03   8.1514612E-03   3.3639164E-03   1.0096660E-02   1.0082812E-02  -1.0568195E-02  -7.7386775E-03  -7.6194935E-03  -2.8522900E-03   2.5967484E-03  -3.3436100E-03   1.1695974E-02  -4.7490705E-03   8.7402418E-03  -1.1473855E-02   2.0000015E-04   1.9990810E-04   6.2826523E-04   2.7617908E-04   1.7225526E-03   5.5982778E-03  -3.9459198E-03  -2.2709286E-03   3.9372035E-03   4.6559664E-03   1.0479787E-01   5.1913056E-04  -1.3096254E-02  -1.2282762E-01   1.0645636E-01
  6.4629846E-02  -8.9506990E-02   3.6837201E-02   3.3756692E-02   2.4581664E-02   1.2149175E-01   2.4696991E-02   1.2518600E-02  -6.8553002E-03  -3.1541576E-02   1.4010282E-03   2.1663738E-02  -2.2494158E-02  -1.4519012E-02   5.4409353E-03   2.7540497E-02  -2.3157891E-02  -4.3657400E-04  -6.5442125E-03   8.5910528E-03   1.7696965E-02   7.3808695E-02   3.5781955E-01   9.1840554E-03   1.0000000E+00   2.3527179E-02   3.6457806E-02  -9.1045716E-03  -3.0605378E-02   4.5195652E-03  -6.5026569E-03  -9.9484883E-04   1.6278958E-03  -3.6170411E-02  -1.4303611E-02   8.9215065E-02   8.9275113E-02  -8.9275113E-02  -8.7800292E-02   7.5225884E-03   3.3648379E-03  -5.9737514E-02  -3.4873827E-02  -2.3501875E-02  -4.1322801E-02   3.0431256E-02   2.4726279E-02  -5.2408712E-02  -9.1775756E-02  -2.5884183E-02   1.1353756E-03   4.9436735E-02   6.5233385E-02   1.2149175E-01   6.4143833E-02   6.4145680E-02  -6.4511044E-02  -7.4824426E-02  -8.2401004E-02   8.0989612E-02   3.4587313E-02   7.9269273E-02   4.5828323E-02   7.3269746E-02  -4.8448341E-02  -4.5040187E-02  -8.7800194E-02  -8.7799197E-02   8.9247738E-02   8.8681672E-02   8.9141352E-02   8.4518693E-02  -8.8351266E-02  -8.9488544E-02  -2.3087703E-02   2.2717613E-02   4.8759226E-03  -5.0188514E-02   2.2160948E-02   1.7324521E-02  -1.1728112E-02
  3.0287963E-02   8.4014321E-03   1.3001308E-02  -3.3227377E-03  -4.6140786E-03  -5.4076226E-03  -4.0501514E-03  -9.6165243E-03  -4.0997203E-04   6.1088723E-03  -1.9635450E-02   4.5697197E-02  -3.0545384E-02  -3.9772933E-02  -1.3850558E-02  -1.5048833E-02   2.4327645E-03   2.7286846E-02  -3.5110733E-03  -8.9325200E-03  -1.0425861E-02  -1.6036298E-03   6.2356355E-03  -1.6389243E-02   2.3527179E-02   1.0000000E+00   2.8893875E-02   9.9718640E-03   1.6776959E-02   3.2478448E-02   9.6895316E-03   1.0096289E-02   1.4528900E-02   4.8462040E-03  -1.4345902E-02   1.8236926E-03  -3.1644440E-03   3.1644440E-03   1.2525575E-02   4.3988297E-02  -3.9755049E-03  -8.7946945E-04  -2.4158361E-03  -4.3847463E-03  -1.9026708E-03  -2.6973005E-03  -5.1709701E-03  -6.0542909E-03  -1.4497517E-03   8.1932665E-04  -1.0449251E-02  -5.5708990E-03   2.4258133E-05  -5.4076226E-03   2.9585093E-02   2.9591411E-02  -3.0200451E-02  -2.1780221E-02  -1.7108053E-02  -2.1517609E-02   1.1663855E-02  -2.4048921E-02   3.7739875E-02  -2.7603107E-02   3.8661135E-02  -3.4259754E-02   1.2525290E-02   1.2525172E-02  -8.9562916E-03  -1.0254581E-02  -3.9540693E-03   1.2509021E-02  -4.3497074E-03   3.0672930E-03  -3.0612274E-03  -4.4849651E-03   1.3038473E-01  -1.0447287E-02   2.0361723E-02  -1.0669377E-01   1.2875119E-01
  3.0197511E-02   6.5859862E-03  -1.2882072E-02   2.4072860E-02   2.9645714E-02   5.1267310E-05   2.1309783E-02   7.0279359E-03  -3.6182781E-03  -3.2183825E-02   1.2940197E-02   2.1617360E-02  -8.6777545E-03  -2.6706636E-03   2.0323907E-02   4.0918405E-02  -1.8680596E-02   5.5016994E-03   6.0881699E-03  -2.5901739E-03  -7.1758300E-03   3.4749726E-03   3.3543761E-02  -2.5991228E-02   3.6457806E-02   2.8893875E-02   1.0000000E+00   1.1309581E-02   1.3014166E-02  -1.3130004E-03   1.8974433E-02   1.7308562E-03   1.2450143E-02  -3.2416965E-02  -4.8517982E-02  -8.8502951E-04  -4.7482881E-03   4.7482881E-03   1.0579011E-02   2.8680564E-02   3.1096364E-02   2.7234027E-02   3.1068843E-02   3.0914257E-02   3.3133486E-02   2.4973042E-02   2.8936748E-02   2.5669453E-02   2.7315102E-02   2.8833939E-02   2.5885302E-02   2.7547754E-02   3.4942168E-02   5.1267310E-05   3.1006642E-02   3.0995746E-02  -3.0120884E-02  -1.2754905E-02  -1.7928128E-02  -1.9232103E-02  -1.4809209E-02  -1.7890368E-02   3.7024585E-02  -2.5229967E-02   3.6272537E-02  -4.0588607E-02   1.0578951E-02   1.0579331E-02  -7.9404433E-03  -9.3024499E-03  -6.1702149E-03   6.6694438E-03  -7.3976314E-04   4.4751246E-03   3.1549897E-02   2.8902772E-02   1.2273795E-01   1.6722946E-02   2.0792652E-02  -1.8694290E-01   1.3000133E-01
 -2.9524721E-03   9.3362562E-03   7.1165234E-03  -1.4296130E-02  -1.3393645E-02   3.1268083E-03  -6.0996246E-03   1.2355173E-02   3.3711925E-03   1.3969730E-03   2.7890581E-02   7.6889388E-03  -1.8024851E-02   3.9124650E-04   3.1481303E-02   2.0619419E-02  -1.7736144E-02   7.9527455E-03   8.7858950E-03  -2.4306292E-02  -3.6551792E-02  -4.7534863E-03  -4.7507418E-03  -2.7229079E-02  -9.1045716E-03   9.9718640E-03   1.1309581E-02   1.0000000E+00   2.7420669E-01  -5.7670066E-03  -1.9992413E-01  -8.0866955E-02  -5.0788848E-02  -1.5928556E-02  -1.8227981E-02  -6.6557111E-03  -7.8370688E-03   7.8370688E-03   9.6052524E-03   8.7791606E-03  -9.9531839E-03  -2.4149931E-03  -6.1313097E-03  -7.8165528E-03  -1.1858360E-02  -1.4352790E-02  -1.3460666E-02   6.6390772E-03  -1.0648396E-02  -5.7535071E-03   7.1609077E-03   9.9682592E-03   7.1010412E-03   3.1268083E-03  -3.3306385E-03  -3.3407606E-03   3.4637467E-03   1.3110905E-03   6.2923286E-03  -9.9317507E-03   7.7117839E-03  -1.1436527E-02   1.3602141E-04  -9.8615265E-03   8.3251948E-03   3.8591684E-03   9.6052081E-03   9.6046374E-03  -9.0101850E-03  -9.0694717E-03  -7.3303215E-03  -3.9594509E-03   6.1184289E-03   7.7957773E-03  -7.5517344E-03  -1.1194040E-02  -3.7062400E-02  -1.6185376E-02  -2.6905348E-02   8.3085898E-02  -4.2953586E-02
 -1.5869127E-02   1.6316219E-02   3.8129123E-04  -1.9272864E-02  -1.1196110E-02  -1.4971555E-02   3.9851540E-02  -1.4225040E-02   7.2145381E-03   1.7660457E-02   8.5860479E-03   1.1336694E-02  -3.9576821E-03   2.8759564E-02   1.8390532E-02  -3.4553501E-03  -2.1131128E-02   6.0278997E-03   2.8031768E-02   1.3975080E-02  -8.4774102E-03   1.2968338E-02  -2.4649337E-02  -4.2939630E-03  -3.0605378E-02   1.6776959E-02   1.3014166E-02   2.7420669E-01   1.0000000E+00  -2.8999102E-03   4.5679297E-01   2.1414290E-02  -6.5681189E-02  -4.9445229E-03  -1.8433941E-02  -1.5938775E-02  -1.5915215E-02   1.5915215E-02   1.5524269E-02  -1.7726796E-03  -6.7739529E-03   5.7341638E-03   3.3596756E-04  -1.9076874E-03  -1.7990780E-03  -1.7731566E-02  -1.1692739E-02   4.4550750E-02   2.1364520E-02   3.0694399E-02   4.4812959E-02   3.5325499E-02   2.3357049E-02  -1.4971555E-02  -1.5832233E-02  -1.5831222E-02   1.6308150E-02   1.3619289E-02   1.8052277E-02  -1.3219250E-02   1.0385761E-03  -1.3895109E-02  -1.2639309E-02  -1.1062702E-02   4.7992136E-03   1.5346904E-02   1.5524157E-02   1.5524282E-02  -1.5856574E-02  -1.5577856E-02  -1.5354073E-02  -1.5213904E-02   1.5843414E-02   1.5950831E-02  -1.9877069E-03  -9.9313031E-03   1.5923624E-02  -1.7413109E-02  -7.3303261E-03  -2.1435672E-02   1.0368578E-02
  2.8040089E-02  -1.6376229E-02   4.5018411E-02  -1.6673022E-02  -1.8220492E-02   1.1725220E-02  -5.4089800E-03   3.4653040E-02   1.1961510E-03  -2.7395880E-02   3.4746178E-03  -1.3440178E-02   3.4445968E-03  -1.1896873E-02  -8.3186596E-03   1.3078270E-02   1.3311103E-02   8.9463301E-03  -1.4056893E-02   9.2281041E-03   2.8049013E-02   3.7562377E-02   2.4553317E-02   3.9148018E-03   4.5195652E-03   3.2478448E-02  -1.3130004E-03  -5.7670066E-03  -2.8999102E-03   1.0000000E+00  -6.7902647E-02   1.6605424E-01   2.5905291E-01   4.2454476E-02   1.2682005E-02   2.5826637E-02   2.2368236E-02  -2.2368236E-02  -1.4153239E-02   3.7476228E-02  -2.4146481E-02  -3.3895623E-02  -3.1926277E-02  -3.1349764E-02  -3.0156944E-02  -1.8330318E-02  -1.8079940E-02  -5.5793885E-03  -1.4438736E-02   1.1192056E-02   5.3515729E-03   1.3062785E-02   1.0982745E-02   1.1725220E-02   2.7371398E-02   2.7364497E-02  -2.7962009E-02  -3.7842259E-02  -2.6157513E-02   8.5172823E-03   4.4586599E-02   2.4856393E-03   2.7070344E-02   4.0750691E-03   6.4063116E-03  -1.7299784E-02  -1.4153002E-02  -1.4153213E-02   1.7136819E-02   1.6538184E-02   2.2945339E-02   3.2760087E-02  -2.7704358E-02  -2.2313214E-02  -2.9998119E-02  -1.8442007E-02  -5.7523241E-02  -1.8273855E-02  -2.4321229E-02   9.4887401E-02  -6.4415819E-02
