  1.0000000E+00  -5.8410737E-01   3.8373396E-01   3.3121988E-01   1.2217083E-01   3.0091796E-01   4.8974211E-01   4.9537348E-02  -3.4358655E-03   6.0077054E-03  -1.1348221E-01   3.7380050E-02   1.1651521E-01  -1.2040944E-01  -2.1993440E-01  -2.4241839E-02   3.4492664E-02  -1.3512321E-01  -1.5496541E-02  -2.9016020E-02  -2.2657864E-02   9.9290186E-03   5.6593556E-02   7.2282797E-02   6.6035981E-03   7.3831952E-02   1.0010331E-02   4.8508261E-03  -2.0671573E-02  -1.6151697E-02  -2.4175687E-02  -1.6818902E-02  -6.3195959E-02  -8.1026878E-02   3.7473185E-02  -4.5089502E-02   1.9174961E-01   2.8268696E-01  -2.8268696E-01  -5.0913915E-01  -2.4384479E-02  -1.5530452E-02  -3.3904688E-01  -2.0322148E-01  -1.4453346E-01  -8.1373869E-02   2.9444016E-01   3.0157614E-01  -2.0676719E-01  -9.8037329E-02   3.6650194E-01   8.5985235E-02   3.1876005E-01   4.7718308E-01   4.8974211E-01   9.9965625E-01   9.9965612E-01  -9.9994000E-01  -5.2147991E-01  -9.3224505E-01   3.2287976E-01   3.4198379E-01   2.8677604E-01   9.5904317E-01   1.7636839E-01   1.7489246E-01  -9.3471377E-01  -5.0913918E-01  -5.0913892E-01   5.6569562E-01   5.4166384E-01   4.7534576E-01   7.9058155E-01  -3.8706403E-01  -1.1908741E-01  -1.4432084E-01   6.9952772E-02  -5.7437583E-02   8.2026409E-02  -2.0422594E-02   2.2242264E-03  -3.0417316E-02
 -5.8410737E-01   1.0000000E+00  -3.7730395E-01  -3.9940279E-01  -2.3412704E-01  -3.0616255E-01  -7.5144267E-01  -3.4350026E-02   2.2096367E-02   2.1214618E-04   4.2549591E-02  -1.1465681E-02  -6.6263630E-02   5.6635260E-02   1.2476987E-01   2.3793536E-02  -3.9080222E-04   4.6584061E-02  -9.4723092E-03  -9.5008914E-03   1.8338184E-02   1.2391696E-02  -9.3028276E-02  -1.0672504E-01  -8.2042258E-03  -9.8353450E-02  -1.8502025E-03   9.9854342E-04   2.0392803E-02   4.6056187E-03   1.4138600E-02   8.4338672E-03   4.4634339E-02   5.8352331E-02  -1.2894650E-03   3.2138773E-02  -1.9016046E-01  -3.7766648E-01   3.7766648E-01   9.9598900E-01   2.3014291E-01   1.6871556E-01   6.1453303E-01   4.5561988E-01   3.4415122E-01   2.9824765E-01  -3.6854730E-01  -3.0637451E-01   5.4196322E-01   4.0309946E-01  -1.2368285E-01   1.0614834E-01  -1.2930157E-01  -2.2406133E-01  -7.5144267E-01  -5.8353005E-01  -5.8353067E-01   5.8412053E-01   3.2522412E-01   8.3813290E-01  -9.5678317E-01  -3.6031778E-01  -9.3847909E-01  -3.3216122E-01  -9.0194992E-01   6.9697192E-01   3.3644601E-01   9.9598900E-01   9.9598898E-01  -9.9902805E-01  -9.9788656E-01  -7.1475358E-01  -8.6599986E-01   4.2187687E-01   1.2836474E-01   3.4695453E-01   3.6180458E-02   2.7706956E-02   6.1360574E-02   2.4081857E-02  -3.6014154E-02   4.7858264E-02
  3.8373396E-01  -3.7730395E-01   1.0000000E+00   1.8162484E-01   1.1313699E-01   1.5784526E-01   3.6966363E-01   2.5007368E-02  -9.5097614E-03  -1.0089174E-02  -3.0667115E-02   8.9073546E-03   3.0228966E-02  -2.9038641E-02  -4.7645783E-02  -2.2834310E-03   1.0857568E-02  -1.7019147E-02   8.0890589E-03  -1.3314422E-03   4.3356696E-03   1.3989064E-02   3.6260806E-02   4.3217845E-02   8.7381145E-03   3.5850113E-02  -3.5410176E-03  -7.8883075E-03  -2.2782916E-02  -2.1720231E-03  -1.5509924E-02   4.8756681E-03  -2.9340643E-02  -4.1012142E-02   7.8450321E-03  -9.5194789E-03   1.2013482E-01   1.8421247E-01  -1.8421247E-01  -3.5778392E-01  -3.1649083E-02  -3.7601958E-02  -2.5132517E-01  -1.6690290E-01  -1.2703826E-01  -1.1827089E-01   1.6519074E-01   1.5812291E-01  -1.5028061E-01  -1.4964623E-01   9.6790506E-02   5.9318898E-02   1.9405805E-01   2.5241917E-01   3.6966363E-01   3.8290307E-01   3.8290768E-01  -3.8361084E-01  -3.8986694E-01  -4.2588033E-01   3.0268216E-01   9.9889105E-01   1.7673179E-01   3.1489132E-01   2.5363058E-01  -1.1889890E-01  -8.9664672E-02  -3.5778377E-01  -3.5778369E-01   4.0501245E-01   4.0126205E-01   3.7523082E-01   6.0798282E-01  -2.6949313E-01  -6.2893516E-02  -1.3130737E-01   2.4245399E-02  -9.2055173E-03  -1.0263675E-02   7.6908250E-03   1.8178614E-02  -1.2573728E-02
  3.3121988E-01  -3.9940279E-01   1.8162484E-01   1.0000000E+00   1.5668320E-01   9.8219299E-01   4.2037564E-01  -2.9718276E-02  -1.2612239E-02  -1.0590346E-02  -1.1303117E-01   5.4382576E-02   7.9198521E-02  -1.0674119E-01  -1.2056668E-01   2.2213558E-02   6.1794255E-02  -1.2295517E-01  -2.3864618E-02  -3.3007220E-02  -2.3827402E-02   4.5498663E-03   3.0639124E-02   4.1772413E-02   4.6768891E-03   3.3200090E-02   1.5181478E-03  -4.7887131E-03  -2.5362434E-02  -1.2994916E-02  -1.3909961E-02  -4.5860939E-03  -2.7617350E-02  -3.1369925E-02   1.7588610E-03  -5.9642197E-02   2.3280118E-02   9.7484308E-02  -9.7484308E-02  -3.8700583E-01  -1.3956637E-01   5.0216515E-01   4.3324724E-01   5.5855314E-01   6.4294973E-01   7.0685135E-01   9.9735976E-01   9.8198311E-01  -2.4347447E-01   1.9219206E-01  -6.0116145E-03  -1.3036230E-01  -2.1449045E-02   2.4243792E-01   4.2037564E-01   3.3068800E-01   3.3068782E-01  -3.3093549E-01  -1.2470763E-01  -4.0033288E-01   3.4714224E-01   1.7008322E-01   3.3515769E-01   2.4609189E-01   3.0826129E-01  -1.9212113E-01  -2.4191800E-01  -3.8700606E-01  -3.8700574E-01   3.9683382E-01   3.9290168E-01   2.4870052E-01   4.0636210E-01  -1.3022853E-01   8.6645739E-03   3.3103008E-01   5.1669220E-01  -2.1196377E-01   6.9681008E-01  -7.2246414E-03  -1.0588657E-02   1.7321105E-02
  1.2217083E-01  -2.3412704E-01   1.1313699E-01   1.5668320E-01   1.0000000E+00   1.3387421E-01   2.1442490E-01   2.4783612E-03  -7.9084926E-02  -1.2406311E-01  -1.5539085E-02   4.4137716E-03   1.8469085E-02  -2.6128491E-02  -4.1767542E-02  -9.6641286E-03   4.9689978E-04  -6.9110248E-03   1.4087524E-02  -1.3304545E-02  -1.3919561E-02  -4.4825368E-03   1.5468021E-02   4.4603177E-02  -4.5684945E-03   2.3066966E-02  -2.4692576E-02  -7.8828263E-03  -1.4577992E-02  -2.0473689E-02  -4.9699799E-03  -8.3688218E-03  -2.2844769E-02  -1.3615869E-02   3.0516710E-03  -1.7236366E-03  -9.0422471E-01  -8.0743070E-01   8.0743070E-01  -2.3479572E-01  -9.9083095E-01  -7.2861422E-01   1.2547132E-01  -3.8043031E-01  -3.6943959E-01  -2.0948676E-01   1.5505038E-01   1.3406450E-01  -1.4155507E-01  -6.0537068E-02  -1.2323479E-02  -2.3083333E-02   5.2082978E-02   6.2624467E-02   2.1442490E-01   1.2204876E-01   1.2204517E-01  -1.2204259E-01   7.2747687E-01  -1.8640279E-01   2.2912418E-01   1.1030947E-01   2.2148763E-01   6.0802661E-02   2.1883407E-01  -1.7602442E-01  -5.4682239E-02  -2.3479595E-01  -2.3479573E-01   2.3516291E-01   2.3551530E-01  -4.9767642E-01   4.5288051E-01   7.6123365E-01   9.3251499E-01  -8.0092989E-01  -7.4892542E-01   2.6822720E-02   8.2706283E-02  -1.7040538E-01   1.1844889E-02   5.3986211E-02
  3.0091796E-01  -3.0616255E-01   1.5784526E-01   9.8219299E-01   1.3387421E-01   1.0000000E+00   3.4608720E-01   1.1893488E-01  -9.6932972E-03  -1.3607780E-02  -1.1190489E-01   6.1337489E-02   7.6616716E-02  -1.0039142E-01  -1.0629374E-01   3.6162962E-02   8.0119243E-02  -1.3480822E-01  -3.0510664E-02  -4.7637788E-02  -3.0231506E-02   8.6242604E-03   2.6010120E-02   3.2710541E-02   2.3511756E-03   3.2898869E-02   1.1158044E-03  -4.9698888E-03  -2.4567602E-02  -1.1140450E-02  -1.3488479E-02  -1.4566041E-03  -2.2942675E-02  -2.4996071E-02   1.0254465E-02  -6.2903457E-02   9.2780417E-03   6.5370694E-02  -6.5370694E-02  -2.9147625E-01  -1.1332858E-01   5.5070745E-01   5.2271820E-01   6.3976276E-01   7.1557043E-01   7.8196413E-01   9.8191918E-01   9.9971838E-01  -5.6919806E-02   3.2848659E-01   1.2171695E-01   3.5739063E-02   1.0615086E-01   3.5045373E-01   3.4608720E-01   3.0036788E-01   3.0036923E-01  -3.0059262E-01  -1.0841766E-01  -3.3838107E-01   2.4930034E-01   1.4682353E-01   2.3734079E-01   2.4318180E-01   2.1133330E-01  -1.0584992E-01  -2.3607804E-01  -2.9147650E-01  -2.9147613E-01   3.0330506E-01   2.9863266E-01   1.8533770E-01   3.3758136E-01  -9.7196493E-02   1.8359354E-02   3.9057597E-01   5.5153539E-01  -2.2236452E-01   7.2916736E-01  -7.1859644E-03  -9.2252367E-03   1.7567938E-02
  4.8974211E-01  -7.5144267E-01   3.6966363E-01   4.2037564E-01   2.1442490E-01   3.4608720E-01   1.0000000E+00   3.5724086E-02  -2.2691272E-02  -1.9506880E-03  -1.7355814E-01   9.3379185E-02   1.4726826E-01  -2.1363276E-01  -2.1621030E-01   5.8051154E-02   1.1709536E-01  -2.3461141E-01   3.0284273E-02  -2.3954600E-02  -3.7282983E-02   1.0091375E-02   1.1524389E-01   1.4977353E-01   5.0033729E-03   1.1830340E-01   1.1883433E-03  -6.8721505E-03  -2.3178359E-02  -4.9547039E-03  -1.2247655E-03  -4.3309751E-03  -2.3389712E-02  -3.2305657E-02  -3.2916781E-02  -7.2562301E-02   1.1477124E-01   2.5669024E-01  -2.5669024E-01  -7.4282645E-01  -1.9851724E-01  -3.9655887E-02  -3.3569351E-01  -2.1630264E-01  -1.2625973E-01  -2.2281809E-01   3.9737707E-01   3.4635672E-01  -4.4737578E-01  -6.6570448E-01  -2.1299992E-01  -1.7429305E-02   3.4054463E-01   4.9231768E-01   1.0000000E+00   4.8962498E-01   4.8962313E-01  -4.8984297E-01  -2.5662835E-01  -6.6399979E-01   7.0075545E-01   3.5568048E-01   6.7488793E-01   3.0875846E-01   6.5070424E-01  -4.7877762E-01  -2.9008450E-01  -7.4282663E-01  -7.4282644E-01   7.5220167E-01   7.4976934E-01   5.2497312E-01   7.0375019E-01  -3.0228229E-01  -6.3066773E-02  -1.9547138E-01   5.3164856E-02  -9.1172147E-04  -2.0663336E-01  -2.9027865E-02   2.6628067E-02  -6.8843058E-02
  4.9537348E-02  -3.4350026E-02   2.5007368E-02  -2.9718276E-02   2.4783612E-03   1.1893488E-01   3.5724086E-02   1.0000000E+00   2.7620917E-03  -1.7763849E-02   5.5921587E-02   1.4540373E-03   4.5032272E-03   4.9590905E-02   2.5711198E-02   2.2751756E-02   4.5712126E-02  -1.7597017E-02  -2.4476035E-03  -2.3616235E-02  -3.0701366E-02   1.1843869E-02   5.0622560E-02   3.3501055E-02  -1.0003034E-02   8.0306035E-02   3.7609834E-03   4.8566721E-03  -6.1193604E-03   1.7355957E-02   1.9100026E-03   1.9491129E-02   8.5848027E-03   1.4578984E-02  -1.1459933E-03  -2.4400885E-02   1.4922410E-02   2.1283457E-02  -2.1283457E-02  -3.0963312E-02   1.7074363E-03   7.5588583E-02   5.8525960E-02   8.0397288E-02   8.9194945E-02   9.7244150E-02  -3.2633338E-02   1.1858814E-01   7.7184094E-01   4.2761752E-01   7.5021068E-01   9.2774635E-01   8.4744392E-01   7.3950515E-01   3.5724086E-02   4.9182711E-02   4.9191223E-02  -4.9337022E-02  -3.2128954E-02  -4.8374144E-02   2.2363918E-02   2.3162997E-02   1.9924581E-02   4.5632755E-02   1.5358495E-02   1.8411147E-03  -4.2908961E-02  -3.0963404E-02  -3.0963178E-02   3.3911743E-02   3.2812923E-02   3.1804879E-02   4.4100311E-02  -2.6324091E-02  -1.1544194E-02   5.6628059E-02   7.6473325E-02  -3.7467416E-02  -4.6156540E-02  -1.7691958E-02   6.8523792E-02  -5.2610850E-02
 -3.4358655E-03   2.2096367E-02  -9.5097614E-03  -1.2612239E-02  -7.9084926E-02  -9.6932972E-03  -2.2691272E-02   2.7620917E-03   1.0000000E+00  -6.7926636E-02   5.7186266E-03  -1.3351651E-02  -2.5526774E-03  -5.8385152E-03  -6.0091667E-03  -9.9836350E-03  -3.1947817E-03  -2.3153238E-03   4.5696233E-03  -6.9815366E-03  -4.0710344E-03   3.5361657E-05   4.5583175E-04   2.7936195E-03  -4.9366626E-03   4.7368972E-03   1.3184740E-02   2.2652386E-03   1.0904903E-03  -1.6646377E-03  -3.6163649E-03  -2.0461295E-03   5.3189778E-03   1.4714423E-03  -2.5180520E-03   4.1333581E-03   7.0809862E-02   6.1575714E-02  -6.1575714E-02   2.3051410E-02   7.9628223E-02   5.8053262E-02  -7.4357814E-03   3.1701108E-02   3.0324100E-02   1.9463443E-02  -1.2317025E-02  -9.9389682E-03   1.6947167E-02   1.2415404E-02   9.0102757E-03   6.0776172E-03  -1.2337769E-03  -1.9665637E-03  -2.2691272E-02  -3.1442576E-03  -3.1400942E-03   3.4499955E-03  -5.8392966E-02   1.2189190E-02  -2.4553446E-02  -9.8870173E-03  -2.3998400E-02   3.7118521E-03  -2.4992244E-02   2.3790794E-02  -4.2377893E-03   2.3051461E-02   2.3051531E-02  -2.2504695E-02  -2.2827027E-02   3.5886495E-02  -3.6912932E-02  -5.8590343E-02  -7.2480790E-02   6.4295410E-02   5.9187546E-02  -1.5066682E-02  -6.3089784E-03   1.1734013E-02   2.1203845E-03  -1.7126894E-02
  6.0077054E-03   2.1214618E-04  -1.0089174E-02  -1.0590346E-02  -1.2406311E-01  -1.3607780E-02  -1.9506880E-03  -1.7763849E-02  -6.7926636E-02   1.0000000E+00   3.9356304E-04  -5.3796213E-03   1.1404224E-02  -2.3250729E-03  -5.0974856E-03   4.8693444E-05   3.2800073E-04  -3.0039777E-03  -3.7712225E-05   3.9813138E-03   1.7938304E-04  -8.3857372E-03  -9.5128830E-03   6.8135421E-03   5.2833081E-03  -5.2042979E-03   5.6927025E-03   8.8718520E-03  -1.3186403E-02  -6.4305437E-03   3.8912609E-03  -3.6600649E-03   1.4909439E-03  -2.8940804E-03  -4.1725143E-03  -1.6530514E-02   1.2494036E-01   1.1693534E-01  -1.1693534E-01   8.8761475E-04   1.2356943E-01   8.6901520E-02  -3.9257617E-02   3.1404505E-02   3.3047440E-02   1.2105937E-02  -1.0594933E-02  -1.3913005E-02  -1.3895109E-02  -1.9138953E-02  -1.0479478E-02  -1.7530188E-02  -1.6049092E-02  -1.1993536E-02  -1.9506880E-03   6.3124764E-03   6.3168521E-03  -6.2224508E-03  -1.0531187E-01  -4.0844210E-03  -2.4666368E-03  -1.0417182E-02  -1.1299205E-03   7.0421613E-03  -3.5260285E-03   5.8159101E-03  -1.0293663E-02   8.8744318E-04   8.8732169E-04  -1.0023836E-03  -1.2344132E-03   8.6375076E-02  -3.3874736E-02  -1.1264567E-01  -1.2641223E-01   9.1681553E-02   9.3823461E-02  -1.9236498E-03  -2.3182804E-02   4.6689601E-02   5.5554101E-03  -9.5406792E-03
 -1.1348221E-01   4.2549591E-02  -3.0667115E-02  -1.1303117E-01  -1.5539085E-02  -1.1190489E-01  -1.7355814E-01   5.5921587E-02   5.7186266E-03   3.9356304E-04   1.0000000E+00  -2.6024182E-01  -1.3273183E-01   2.4472791E-01   1.4938064E-02  -3.2095405E-01  -8.4264071E-01   1.9488546E-02   4.4330488E-03   9.4009681E-03  -8.4595659E-02  -3.9153891E-01  -4.9951382E-03  -1.4678219E-02   1.0535215E-02  -2.3709325E-03  -1.5381767E-02   1.4189989E-02  -1.1619254E-02   1.9425720E-02  -1.3673104E-02   1.0740851E-02   3.1031081E-03  -5.8133781E-03  -4.7347461E-02   4.4729000E-01  -1.1211709E-02  -1.7142598E-02   1.7142598E-02   3.2609080E-02   2.7813957E-03  -6.7607217E-02  -5.4164843E-02  -7.2845836E-02  -8.1419101E-02  -4.9651898E-02  -1.0983192E-01  -1.1220562E-01   2.2950100E-02   8.8341860E-02   5.6437269E-02  -2.5972215E-02  -1.0012219E-01  -1.5246172E-01  -1.7355814E-01  -1.1364637E-01  -1.1364978E-01   1.1345168E-01   5.1106770E-02   9.5160084E-02  -8.9925192E-03  -2.5431168E-02  -5.8258661E-03  -1.1672213E-01   8.7098696E-03  -4.8597901E-02   1.1558485E-01   3.2608906E-02   3.2609069E-02  -3.9886191E-02  -3.6666430E-02  -3.2884101E-02  -7.6877958E-02   2.9954599E-02   3.8215439E-03  -4.5627529E-02  -6.9775548E-02  -2.3337734E-02  -2.2854482E-02  -6.5436993E-03   4.1137341E-02  -3.0832529E-02
  3.7380050E-02  -1.1465681E-02   8.9073546E-03   5.4382576E-02   4.4137716E-03   6.1337489E-02   9.3379185E-02   1.4540373E-03  -1.3351651E-02  -5.3796213E-03  -2.6024182E-01   1.0000000E+00  -1.3380654E-01  -6.3910002E-02   4.5533584E-01   6.6897626E-01   2.4214214E-01   1.0060556E-01  -6.7869045E-03   4.1540870E-03   7.6677170E-02   4.6838756E-02   4.2429272E-03   2.5340477E-03  -3.6329022E-03  -2.7630600E-03  -5.6305040E-03  -1.2513009E-02   5.2247460E-03  -1.2460224E-02   2.7254964E-03  -8.8893120E-03   7.3296794E-03   7.8846800E-03   3.3834748E-02  -3.7516645E-02   3.6860293E-03   5.1537519E-03  -5.1537519E-03  -8.0372375E-03   4.0354225E-05   4.4081389E-02   4.1950121E-02   5.1281317E-02   5.5281053E-02   3.3690466E-02   5.3116992E-02   6.1646912E-02   2.7591225E-02  -3.3293589E-02  -1.1367729E-02   5.6690861E-02   9.0806016E-02   1.1154858E-01   9.3379185E-02   3.7657248E-02   3.7660710E-02  -3.7326225E-02  -1.7520708E-02  -3.0222652E-02   9.8104271E-05   7.1496353E-03  -8.6860760E-04   3.9571063E-02  -5.8692835E-03   1.9031430E-02  -3.8965202E-02  -8.0371670E-03  -8.0372430E-03   1.0724684E-02   9.6077481E-03   1.0034554E-02   2.5031618E-02  -9.8634652E-03  -1.4111843E-03   3.3766385E-02   4.3338149E-02   3.7016981E-02   1.0103514E-02  -6.9061275E-03  -2.4506810E-02   4.0307714E-02
  1.1651521E-01  -6.6263630E-02   3.0228966E-02   7.9198521E-02   1.8469085E-02   7.6616716E-02   1.4726826E-01   4.5032272E-03  -2.5526774E-03   1.1404224E-02  -1.3273183E-01  -1.3380654E-01   1.0000000E+00  -5.4198274E-01  -2.7452256E-01   3.9098085E-01   3.0308440E-01  -5.4004341E-01  -5.4033411E-02   1.7721616E-02   2.9985081E-01   1.5743841E-01   9.3361048E-03   3.1678595E-02   8.1155561E-03   2.0889931E-02   7.2416011E-03   1.0620997E-02  -4.5095170E-03  -6.5441026E-03  -1.0756250E-02   2.6620979E-04  -1.8769660E-02  -7.5195103E-03   1.2046308E-01  -1.1595637E-01   1.6334917E-02   2.6904175E-02  -2.6904175E-02  -5.7420409E-02  -7.8487017E-03   3.1861503E-02   3.8069966E-03   2.1941422E-02   3.1040045E-02   1.0796456E-02   7.6263852E-02   7.6397616E-02  -2.5353812E-02  -7.7005776E-02  -1.9179738E-02   2.8143008E-02   8.9927010E-02   1.2715286E-01   1.4726826E-01   1.1706422E-01   1.1705324E-01  -1.1678082E-01  -5.2639222E-02  -1.0801382E-01   3.5466832E-02   2.5161551E-02   3.3188983E-02   1.1249009E-01   1.8281161E-02   2.2725059E-02  -1.1360453E-01  -5.7420277E-02  -5.7420350E-02   6.3387504E-02   6.0520027E-02   4.8396121E-02   8.7740247E-02  -3.8160256E-02  -8.2600616E-03   1.1756404E-02   3.8873887E-02  -1.6728644E-01  -1.3036751E-02  -8.3331073E-03   7.5971478E-02  -1.7141936E-01
 -1.2040944E-01   5.6635260E-02  -2.9038641E-02  -1.0674119E-01  -2.6128491E-02  -1.0039142E-01  -2.1363276E-01   4.9590905E-02  -5.8385152E-03  -2.3250729E-03   2.4472791E-01  -6.3910002E-02  -5.4198274E-01   1.0000000E+00   3.1573030E-01  -2.2087776E-01  -2.3723789E-01   1.8724479E-01  -6.2383611E-02   6.7492143E-02  -1.0908661E-01  -9.4014724E-02  -1.1569706E-02  -3.7288893E-02  -1.0756311E-02  -1.7107971E-02  -1.9070905E-03   4.9458473E-03  -7.2872877E-03   5.1502480E-03   6.7227849E-03   1.9818544E-02   9.8049275E-03  -3.5556551E-03   2.8214295E-01   9.7029946E-02  -5.9503296E-03  -1.4759315E-02   1.4759315E-02   4.6780975E-02   1.3832793E-02  -5.0524994E-02  -3.7985696E-02  -5.2992455E-02  -6.2370139E-02  -2.0789602E-02  -1.0388995E-01  -1.0036887E-01   4.8937587E-02   1.4076527E-01   9.2147922E-02  -1.2609937E-02  -1.0501407E-01  -1.6073681E-01  -2.1363276E-01  -1.2110093E-01  -1.2109965E-01   1.2055947E-01   4.6620538E-02   1.0625797E-01  -2.2911864E-02  -2.3810761E-02  -2.0416769E-02  -1.2044987E-01  -4.6029436E-03  -3.7781319E-02   1.2086740E-01   4.6781099E-02   4.6780832E-02  -5.3660633E-02  -5.0462737E-02  -3.6236759E-02  -8.7712024E-02   2.7721061E-02  -2.2760546E-03  -2.7625536E-02  -5.4535002E-02   1.5349529E-01   1.9307179E-02   4.4477180E-03  -1.6235241E-01   1.5970450E-01
 -2.1993440E-01   1.2476987E-01  -4.7645783E-02  -1.2056668E-01  -4.1767542E-02  -1.0629374E-01  -2.1621030E-01   2.5711198E-02  -6.0091667E-03  -5.0974856E-03   1.4938064E-02   4.5533584E-01  -2.7452256E-01   3.1573030E-01   1.0000000E+00   5.6277464E-01   1.9283415E-01  -2.1920686E-01  -1.4633290E-02  -8.0017561E-02   1.0189992E-01   5.5763257E-02  -2.1649579E-02  -2.9343260E-02  -1.7299153E-02  -2.5073209E-02  -1.4712861E-03  -4.4238103E-03   5.9121922E-03   9.9470458E-03   3.4889699E-05   9.6787042E-03   1.4738739E-02   1.6846203E-02  -1.1711408E-03   2.4727890E-02  -2.3145494E-02  -4.3565828E-02   4.3565828E-02   1.0805871E-01   2.2308663E-02  -2.2215977E-02   2.5225606E-02   6.0079606E-04  -1.4209307E-02   4.6106912E-03  -1.1358914E-01  -1.0643829E-01   9.1953452E-02   1.2739523E-01   3.7499007E-02   1.2375605E-02  -8.6702280E-02  -1.5012466E-01  -2.1621030E-01  -2.1984801E-01  -2.1984581E-01   2.1998460E-01   9.1310641E-02   2.0343533E-01  -6.6592588E-02  -3.7896783E-02  -6.3583715E-02  -2.1220490E-01  -3.4198651E-02  -4.3093545E-02   2.1656907E-01   1.0805868E-01   1.0805843E-01  -1.1901415E-01  -1.1356275E-01  -8.5285402E-02  -1.6561761E-01   6.4658221E-02   8.1549448E-03   1.0840549E-02  -3.6854398E-02   7.5197554E-02   9.7595701E-03   1.0214566E-02  -1.3276042E-01   7.8342830E-02
 -2.4241839E-02   2.3793536E-02  -2.2834310E-03   2.2213558E-02  -9.6641286E-03   3.6162962E-02   5.8051154E-02   2.2751756E-02  -9.9836350E-03   4.8693444E-05  -3.2095405E-01   6.6897626E-01   3.9098085E-01  -2.2087776E-01   5.6277464E-01   1.0000000E+00   5.9988043E-01  -4.7558691E-01  -3.9225396E-02  -2.7064481E-02   1.0724817E-01   7.2053664E-02  -4.3860496E-03   5.0354183E-03  -3.8920693E-03  -5.5710807E-04   2.2494360E-03  -3.3312345E-03   1.4894901E-03  -9.5381783E-03  -2.5559465E-03   1.2104527E-03   1.9330431E-03   8.7209636E-03   8.6582937E-02  -1.6124609E-01  -6.1875013E-04  -4.7940487E-03   4.7940487E-03   2.2557840E-02   8.7214508E-03   4.4976428E-02   5.4361047E-02   5.8953961E-02   5.9163691E-02   3.3975492E-02   2.3459089E-02   3.6137632E-02   6.8609494E-02  -1.2599765E-02  -3.5878796E-03   8.4698353E-02   9.9290896E-02   1.0304121E-01   5.8051154E-02  -2.3629440E-02  -2.3633207E-02   2.4106420E-02   5.9240644E-03   2.6775053E-02  -1.8969468E-02  -1.2317282E-03  -1.9408765E-02  -1.9730221E-02  -1.5896624E-02   7.4285257E-03   2.1999006E-02   2.2557960E-02   2.2557744E-02  -2.2963255E-02  -2.2546739E-02  -1.2644821E-02  -2.2295245E-02   6.3182690E-03  -1.3694500E-03   4.3297905E-02   3.9869641E-02  -4.1442889E-02  -4.7655936E-03  -3.8712058E-03  -5.5740201E-02  -4.2968965E-02
  3.4492664E-02  -3.9080222E-04   1.0857568E-02   6.1794255E-02   4.9689978E-04   8.0119243E-02   1.1709536E-01   4.5712126E-02  -3.1947817E-03   3.2800073E-04  -8.4264071E-01   2.4214214E-01   3.0308440E-01  -2.3723789E-01   1.9283415E-01   5.9988043E-01   1.0000000E+00  -3.6507897E-01  -3.0476642E-02  -2.3697829E-02  -1.2648141E-02   1.8973760E-01   1.5219241E-03   8.1323910E-03  -8.9793396E-03   3.3057824E-03   1.6262372E-02  -7.9797628E-03   6.2168962E-03  -1.7596555E-02   9.0130563E-03  -4.8324620E-03   3.7857923E-03   1.2679160E-02   6.8919860E-02  -4.7394172E-01   3.3778870E-03   2.8685169E-03  -2.8685169E-03   3.3876399E-03   4.6313548E-03   6.5016759E-02   6.7782496E-02   7.9049492E-02   8.3008958E-02   5.1702645E-02   6.1228529E-02   8.0221608E-02   8.5248517E-02  -2.1790431E-02   1.5988405E-02   1.2581802E-01   1.6351054E-01   1.8255399E-01   1.1709536E-01   3.4911376E-02   3.4912042E-02  -3.4582667E-02  -1.7918632E-02  -2.3400745E-02  -1.1819955E-02   9.2054201E-03  -1.3450206E-02   3.9786267E-02  -1.7795280E-02   2.9926277E-02  -3.7933960E-02   3.3878347E-03   3.3877181E-03  -2.7939801E-04  -1.5004096E-03   3.7256673E-03   1.7753372E-02  -7.5031903E-03  -1.5324656E-03   5.3775754E-02   6.1862886E-02  -2.7031127E-03   4.8792857E-03   4.1241903E-03  -7.4673564E-02  -1.0965657E-03
 -1.3512321E-01   4.6584061E-02  -1.7019147E-02  -1.2295517E-01  -6.9110248E-03  -1.3480822E-01  -2.3461141E-01  -1.7597017E-02  -2.3153238E-03  -3.0039777E-03   1.9488546E-02   1.0060556E-01  -5.4004341E-01   1.8724479E-01  -2.1920686E-01  -4.7558691E-01  -3.6507897E-01   1.0000000E+00   2.6997989E-02  -7.9826333E-03  -1.8103143E-01  -9.2768263E-02  -8.2122059E-03  -3.6032525E-02  -1.2084180E-03  -2.5499956E-02  -5.4164673E-03  -5.0169926E-03   5.1087405E-03   2.8617249E-03   1.0933585E-02  -6.1392965E-03   2.9980679E-03   1.0425364E-03  -6.1890857E-02   2.6233012E-02  -2.1704166E-02  -2.7883386E-02   2.7883386E-02   3.4501488E-02  -6.9086747E-03  -9.3455961E-02  -7.0070109E-02  -9.8011971E-02  -1.0820621E-01  -5.7951497E-02  -1.2019658E-01  -1.3461478E-01  -4.2510952E-02   1.0062136E-01   2.3986340E-02  -1.1980200E-01  -2.1217268E-01  -2.6631180E-01  -2.3461141E-01  -1.3578597E-01  -1.3577975E-01   1.3548550E-01   6.4405917E-02   1.1181030E-01  -5.9756959E-03  -1.0629299E-02  -4.7200365E-03  -1.4121850E-01   1.5400616E-02  -6.2926042E-02   1.4424826E-01   3.4501467E-02   3.4501461E-02  -4.2654352E-02  -3.8683977E-02  -4.0667815E-02  -8.0844099E-02   4.1215457E-02   1.3861775E-02  -6.8166056E-02  -9.5469778E-02   7.4084076E-02   1.1476682E-02   8.0840335E-03   1.1770957E-01   7.7786138E-02
 -1.5496541E-02  -9.4723092E-03   8.0890589E-03  -2.3864618E-02   1.4087524E-02  -3.0510664E-02   3.0284273E-02  -2.4476035E-03   4.5696233E-03  -3.7712225E-05   4.4330488E-03  -6.7869045E-03  -5.4033411E-02  -6.2383611E-02  -1.4633290E-02  -3.9225396E-02  -3.0476642E-02   2.6997989E-02   1.0000000E+00   1.3879535E-01   2.7859898E-02   2.7928051E-02   5.2321778E-03   2.3845719E-03   9.8696153E-03  -4.7362248E-04   1.6604378E-03  -2.2310306E-03  -2.0200693E-02   7.8593630E-03  -1.0079889E-03  -1.9430567E-03  -4.6001868E-03   6.3066067E-03   1.8544175E-01   1.0335753E-02  -1.1387359E-02  -9.0009706E-03   9.0009706E-03  -1.1752419E-02  -1.6183043E-02  -3.2156718E-02  -2.5242904E-02  -3.4421584E-02  -3.4740519E-02  -4.4472666E-02  -2.3476578E-02  -3.0781377E-02  -3.0682784E-02  -5.8759543E-02  -4.5903063E-02  -2.1613319E-02  -8.0854172E-03  -1.1499506E-02   3.0284273E-02  -1.5880788E-02  -1.5880968E-02   1.5700312E-02   1.5121931E-02   6.3002876E-03   1.6567302E-02   9.2048871E-03   1.5848501E-02  -2.1633716E-02   1.9745350E-02  -2.5251969E-02   2.3243183E-02  -1.1752528E-02  -1.1752596E-02   1.0376900E-02   1.1142227E-02  -2.0700453E-03   3.8534298E-03   1.0012228E-02   1.1520165E-02  -3.0454289E-02  -3.0474914E-02   8.6867666E-03  -5.1934216E-02  -2.9566646E-03   2.2893619E-02  -8.3897318E-03
 -2.9016020E-02  -9.5008914E-03  -1.3314422E-03  -3.3007220E-02  -1.3304545E-02  -4.7637788E-02  -2.3954600E-02  -2.3616235E-02  -6.9815366E-03   3.9813138E-03   9.4009681E-03   4.1540870E-03   1.7721616E-02   6.7492143E-02  -8.0017561E-02  -2.7064481E-02  -2.3697829E-02  -7.9826333E-03   1.3879535E-01   1.0000000E+00   3.3439894E-01   1.2131551E-01   3.1518433E-04  -5.2789902E-03   1.8950494E-02   5.7560738E-03   4.9827320E-03  -1.4961469E-03  -1.6477289E-03  -3.3957879E-03   5.5843195E-03   1.8823505E-03  -4.3453968E-03   8.7194733E-03  -1.9556216E-01  -8.4099852E-02   1.3906220E-02   1.4899322E-02  -1.4899322E-02  -1.3273481E-02   8.2233915E-03  -2.7747751E-02  -4.7507471E-02  -4.4426098E-02  -4.5116720E-02  -4.2902715E-02  -3.2759177E-02  -4.7709137E-02  -7.0568812E-02  -3.8027480E-02  -5.2221762E-02  -8.3003183E-02  -8.8013948E-02  -9.4410562E-02  -2.3954600E-02  -2.9526878E-02  -2.9529248E-02   2.9238312E-02   1.1577422E-03   1.5457190E-02   2.1521792E-02   2.0900205E-04   2.2179798E-02  -3.7471189E-02   2.7062465E-02  -3.7339777E-02   3.6831208E-02  -1.3273549E-02  -1.3273451E-02   1.0720636E-02   1.1930456E-02   1.4370271E-02  -1.2452583E-02  -1.0434090E-02  -1.4918176E-02  -2.2191850E-02  -2.4157346E-02   3.4214224E-03  -3.2842459E-02   4.4895009E-03   5.3892890E-03  -7.3781827E-03
 -2.2657864E-02   1.8338184E-02   4.3356696E-03  -2.3827402E-02  -1.3919561E-02  -3.0231506E-02  -3.7282983E-02  -3.0701366E-02  -4.0710344E-03   1.7938304E-04  -8.4595659E-02   7.6677170E-02   2.9985081E-01  -1.0908661E-01   1.0189992E-01   1.0724817E-01  -1.2648141E-02  -1.8103143E-01   2.7859898E-02   3.3439894E-01   1.0000000E+00   8.4111627E-01  -1.0574790E-03   5.2279752E-03   8.1031593E-03   1.4901217E-03   9.3653364E-04   5.9671609E-03   7.8631767E-03   1.2401507E-02  -6.4762167E-03   1.1517181E-02  -2.1402450E-02   2.8921777E-03   2.2104629E-03   4.2335358E-01   6.3071333E-03   1.6741709E-03  -1.6741709E-03   1.6947717E-02   1.3235379E-02  -8.2972416E-03  -1.1579163E-02  -1.1857217E-02  -1.4850505E-02  -1.1933325E-02  -2.2808543E-02  -3.0485325E-02  -2.9472151E-02  -5.0374687E-03  -2.8299705E-02  -4.8985244E-02  -5.8708823E-02  -6.2840077E-02  -3.7282983E-02  -2.2721878E-02  -2.2723197E-02   2.2710098E-02   3.8821506E-04   2.3455798E-02  -1.3302088E-02   5.2928459E-03  -1.4449601E-02  -2.0001175E-02  -1.0218801E-02   2.1980086E-03   2.3397471E-02   1.6947830E-02   1.6947524E-02  -1.7487545E-02  -1.7004030E-02  -5.4912085E-03  -2.1003371E-02  -1.4037595E-04  -7.4322819E-03  -1.7549712E-03  -9.1032196E-03  -5.4130752E-02  -8.7384280E-03   1.5505001E-03   7.6640005E-05  -5.6949748E-02
  9.9290186E-03   1.2391696E-02   1.3989064E-02   4.5498663E-03  -4.4825368E-03   8.6242604E-03   1.0091375E-02   1.1843869E-02   3.5361657E-05  -8.3857372E-03  -3.9153891E-01   4.6838756E-02   1.5743841E-01  -9.4014724E-02   5.5763257E-02   7.2053664E-02   1.8973760E-01  -9.2768263E-02   2.7928051E-02   1.2131551E-01   8.4111627E-01   1.0000000E+00   3.0935020E-03   1.0301845E-02  -5.8236351E-04   4.9799471E-03   6.4466589E-03   2.2450101E-03   9.8538686E-03   9.8567104E-03   5.8440717E-03   1.2424894E-02  -2.2602053E-02  -5.3428301E-04   1.8140506E-02   4.2486716E-01   2.4965436E-03  -8.6204073E-04   8.6204073E-04   1.4234478E-02   8.2377495E-03   1.3680236E-02   1.5702268E-02   1.7399529E-02   1.6438824E-02   1.1179543E-02   4.6758146E-03   8.4415535E-03   2.0322850E-02   1.4188862E-03   4.2491465E-03   2.2022913E-02   2.7032769E-02   3.0389428E-02   1.0091375E-02   9.8178048E-03   9.8213342E-03  -9.8596251E-03  -1.0032183E-02  -1.0435621E-03  -1.8078702E-02   1.3380033E-02  -2.0478362E-02   1.5863262E-02  -2.0385153E-02   2.3795298E-02  -1.1203708E-02   1.4234639E-02   1.4234309E-02  -1.2391220E-02  -1.2945170E-02  -3.7401732E-03   8.9080379E-04  -2.0173480E-03  -1.7823832E-03   1.3549606E-02   1.2132598E-02  -3.6002021E-02  -2.0653739E-03   1.5509329E-03   2.7946373E-03  -3.6644729E-02
  5.6593556E-02  -9.3028276E-02   3.6260806E-02   3.0639124E-02   1.5468021E-02   2.6010120E-02   1.1524389E-01   5.0622560E-02   4.5583175E-04  -9.5128830E-03  -4.9951382E-03   4.2429272E-03   9.3361048E-03  -1.1569706E-02  -2.1649579E-02  -4.3860496E-03   1.5219241E-03  -8.2122059E-03   5.2321778E-03   3.1518433E-04  -1.0574790E-03   3.0935020E-03   1.0000000E+00   3.1337051E-01   3.4513346E-03   8.4218938E-02   5.0799588E-03  -1.1845586E-02  -9.7088935E-03  -8.3654545E-04   1.1227231E-03  -2.1290920E-03  -3.6443591E-03  -4.8404684E-03  -8.0601923E-03  -1.1497778E-03   2.4170662E-02   4.1951647E-02  -4.1951647E-02  -9.2406205E-02  -1.4979883E-02  -9.0332434E-03  -5.6718429E-02  -3.7917579E-02  -2.7327424E-02  -3.9893774E-02   2.7651845E-02   2.6043067E-02  -2.8584182E-02  -7.1384645E-02   2.7771506E-03   2.8825290E-02   6.6994505E-02   7.6161625E-02   1.1524389E-01   5.7030645E-02   5.7030657E-02  -5.6588543E-02  -3.7755929E-02  -7.9533181E-02   8.8246637E-02   3.4620782E-02   8.6366276E-02   3.3666956E-02   8.2739744E-02  -6.2865655E-02  -3.3646671E-02  -9.2406343E-02  -9.2406809E-02   9.2984622E-02   9.2799276E-02   7.1947917E-02   8.1603848E-02  -4.6242305E-02  -1.8741773E-02  -2.6021529E-02   3.5921624E-03  -2.3494563E-01  -4.3764840E-02  -2.2610244E-02   3.1050594E-01  -2.4912350E-01
  7.2282797E-02  -1.0672504E-01   4.3217845E-02   4.1772413E-02   4.4603177E-02   3.2710541E-02   1.4977353E-01   3.3501055E-02   2.7936195E-03   6.8135421E-03  -1.4678219E-02   2.5340477E-03   3.1678595E-02  -3.7288893E-02  -2.9343260E-02   5.0354183E-03   8.1323910E-03  -3.6032525E-02   2.3845719E-03  -5.2789902E-03   5.2279752E-03   1.0301845E-02   3.1337051E-01   1.0000000E+00   5.3184145E-03   3.5271477E-01   1.1007490E-02  -7.4052510E-03  -7.7528098E-04   7.3056152E-05  -1.2833273E-02   6.1821137E-03   1.9761017E-03   7.7457379E-03  -1.4241740E-02  -1.0391325E-02   1.5636736E-03   2.2260709E-02  -2.2260709E-02  -1.0520042E-01  -4.2639136E-02  -2.8340018E-02  -5.6112164E-02  -4.9648063E-02  -3.7987745E-02  -5.2992673E-02   3.7974491E-02   3.2944892E-02  -5.3166107E-02  -1.0453672E-01  -2.4884489E-02   1.3877534E-02   6.8219739E-02   8.4901932E-02   1.4977353E-01   7.2499921E-02   7.2497830E-02  -7.2195289E-02  -2.2916283E-02  -9.6044001E-02   9.8629499E-02   4.0987019E-02   9.6220289E-02   4.7174851E-02   9.1038151E-02  -6.5706415E-02  -4.6788852E-02  -1.0520057E-01  -1.0520083E-01   1.0656066E-01   1.0607430E-01   6.3230733E-02   1.0227231E-01  -2.9031790E-02   5.9724191E-03  -4.8862704E-02  -1.5370613E-02  -5.4311814E-02  -5.0526759E-02  -7.7163734E-03   8.5402694E-02  -7.0871017E-02
  6.6035981E-03  -8.2042258E-03   8.7381145E-03   4.6768891E-03  -4.5684945E-03   2.3511756E-03   5.0033729E-03  -1.0003034E-02  -4.9366626E-03   5.2833081E-03   1.0535215E-02  -3.6329022E-03   8.1155561E-03  -1.0756311E-02  -1.7299153E-02  -3.8920693E-03  -8.9793396E-03  -1.2084180E-03   9.8696153E-03   1.8950494E-02   8.1031593E-03  -5.8236351E-04   3.4513346E-03   5.3184145E-03   1.0000000E+00  -5.2711915E-03   6.7906971E-03   2.3698354E-02  -1.3222726E-03   2.1259693E-04   1.0467883E-02   6.0727567E-03   2.4044600E-03  -1.6145114E-02   2.5386858E-03   7.0486836E-03   8.5089658E-03   9.8860244E-03  -9.8860244E-03  -7.9718180E-03   5.1268377E-03   3.4447785E-03  -7.2415609E-03  -1.9659986E-03  -9.9915254E-04  -1.2769260E-03   5.1579479E-03   2.0219912E-03  -1.2695384E-02  -7.6155202E-03  -5.4172172E-03  -1.0889954E-02  -8.2900631E-03  -5.8033274E-03   5.0033729E-03   6.9357710E-03   6.9343642E-03  -6.5918413E-03  -1.0394148E-02  -8.1561241E-03   7.1907230E-03   8.5638389E-03   6.2567952E-03   4.9566802E-03   6.4181084E-03  -4.0589954E-03  -3.4585893E-03  -7.9716441E-03  -7.9716910E-03   8.3006762E-03   8.2527643E-03   1.1209338E-02   7.4784067E-03  -1.0360787E-02  -7.9364011E-03   2.0657794E-03   4.9711482E-03   9.6027502E-02  -6.2422967E-03  -3.3458727E-03  -1.1337676E-01   9.3890590E-02
  7.3831952E-02  -9.8353450E-02   3.5850113E-02   3.3200090E-02   2.3066966E-02   3.2898869E-02   1.1830340E-01   8.0306035E-02   4.7368972E-03  -5.2042979E-03  -2.3709325E-03  -2.7630600E-03   2.0889931E-02  -1.7107971E-02  -2.5073209E-02  -5.5710807E-04   3.3057824E-03  -2.5499956E-02  -4.7362248E-04   5.7560738E-03   1.4901217E-03   4.9799471E-03   8.4218938E-02   3.5271477E-01  -5.2711915E-03   1.0000000E+00   9.3321699E-03  -1.5541435E-02   6.7802143E-03   6.5109838E-03   7.5714838E-04  -6.0952341E-03  -1.8120130E-02  -1.7798524E-02  -2.2488928E-02  -6.7481625E-03   2.0526103E-02   3.8276419E-02  -3.8276419E-02  -9.6152807E-02  -2.0333033E-02  -1.1352276E-02  -5.6120686E-02  -3.9134310E-02  -2.8070693E-02  -3.7473320E-02   2.9443807E-02   3.2982515E-02  -6.6690696E-03  -5.5927600E-02   3.2119524E-02   5.7208256E-02   9.5238729E-02   1.0339701E-01   1.1830340E-01   7.3924674E-02   7.3923332E-02  -7.3686690E-02  -3.9683035E-02  -9.3355640E-02   8.8266588E-02   3.3281401E-02   8.6567555E-02   5.2209296E-02   7.9994506E-02  -5.4099975E-02  -5.2803965E-02  -9.6152769E-02  -9.6153219E-02   9.7663190E-02   9.6955096E-02   7.1960312E-02   9.2738120E-02  -4.5025802E-02  -1.3649883E-02  -3.0202659E-02   1.7250348E-03  -1.7503484E-02  -4.1281518E-02   2.9931858E-04   2.5576727E-02  -3.1063456E-02
  1.0010331E-02  -1.8502025E-03  -3.5410176E-03   1.5181478E-03  -2.4692576E-02   1.1158044E-03   1.1883433E-03   3.7609834E-03   1.3184740E-02   5.6927025E-03  -1.5381767E-02  -5.6305040E-03   7.2416011E-03  -1.9070905E-03  -1.4712861E-03   2.2494360E-03   1.6262372E-02  -5.4164673E-03   1.6604378E-03   4.9827320E-03   9.3653364E-04   6.4466589E-03   5.0799588E-03   1.1007490E-02   6.7906971E-03   9.3321699E-03   1.0000000E+00   2.1786266E-02   1.4202092E-02   6.3078759E-04  -1.6007386E-03  -2.7713145E-03  -1.2447321E-02  -2.5835390E-03   5.0684873E-03  -8.1134630E-03   2.6007256E-02   2.4912163E-02  -2.4912163E-02  -8.5845802E-04   2.5448752E-02   1.9436189E-02  -7.0958346E-03   8.0378825E-03   8.6092635E-03   5.0776963E-03   1.4266391E-03   1.1598235E-03  -2.3376545E-03  -1.6164918E-03   2.1614067E-03  -2.0422738E-03  -4.8089842E-04   2.1040180E-03   1.1883433E-03   9.9181978E-03   9.9167923E-03  -1.0011133E-02  -2.4472767E-02  -7.5844314E-03  -1.5093832E-03  -4.2352824E-03  -9.7882980E-04   1.1150923E-02  -3.1729612E-03   6.7306683E-03  -1.2533306E-02  -8.5851178E-04  -8.5854054E-04   1.1533473E-03   8.3110121E-04   1.8593513E-02  -3.1881243E-03  -2.4489676E-02  -2.6016220E-02   1.9693320E-02   2.1011807E-02   9.1270953E-02  -3.1527846E-03   2.2955514E-03  -1.3369610E-01   9.0152019E-02
  4.8508261E-03   9.9854342E-04  -7.8883075E-03  -4.7887131E-03  -7.8828263E-03  -4.9698888E-03  -6.8721505E-03   4.8566721E-03   2.2652386E-03   8.8718520E-03   1.4189989E-02  -1.2513009E-02   1.0620997E-02   4.9458473E-03  -4.4238103E-03  -3.3312345E-03  -7.9797628E-03  -5.0169926E-03  -2.2310306E-03  -1.4961469E-03   5.9671609E-03   2.2450101E-03  -1.1845586E-02  -7.4052510E-03   2.3698354E-02  -1.5541435E-02   2.1786266E-02   1.0000000E+00  -1.6614705E-02  -1.2218372E-02  -2.7619843E-03   1.1942627E-02  -6.7343129E-03  -1.0558337E-02   2.8117711E-03   9.0598981E-03   7.4719407E-03   6.1207454E-03  -6.1207454E-03   1.5933987E-03   7.9939713E-03   1.8490119E-03  -5.5886781E-03  -2.1161487E-03  -2.4601266E-03  -1.6221803E-03  -4.7872887E-03  -5.1023490E-03  -2.5543395E-04   2.8382953E-03   4.9637531E-03  -2.0944536E-03  -3.6793338E-03  -4.2822403E-03  -6.8721505E-03   4.8060366E-03   4.8142836E-03  -4.7418600E-03  -5.9463326E-03  -2.7754747E-03  -2.8377058E-03  -8.4204762E-03  -1.7869911E-03   5.7358435E-03  -3.7030308E-03   5.3919322E-03  -8.0111973E-03   1.5931150E-03   1.5932986E-03  -1.3674168E-03  -1.5936670E-03   3.4827335E-03  -3.5121783E-03  -5.9765262E-03  -7.3031983E-03   3.0489803E-03   2.2880901E-03   1.5726044E-01  -5.1731570E-03   2.6383532E-02  -1.6944882E-01   1.5541992E-01
 -2.0671573E-02   2.0392803E-02  -2.2782916E-02  -2.5362434E-02  -1.4577992E-02  -2.4567602E-02  -2.3178359E-02  -6.1193604E-03   1.0904903E-03  -1.3186403E-02  -1.1619254E-02   5.2247460E-03  -4.5095170E-03  -7.2872877E-03   5.9121922E-03   1.4894901E-03   6.2168962E-03   5.1087405E-03  -2.0200693E-02  -1.6477289E-03   7.8631767E-03   9.8538686E-03  -9.7088935E-03  -7.7528098E-04  -1.3222726E-03   6.7802143E-03   1.4202092E-02  -1.6614705E-02   1.0000000E+00   2.7101748E-01   2.8150285E-02  -1.9442305E-01  -5.3154738E-02  -2.6087215E-02   2.3091816E-04  -5.5131868E-04   4.3221027E-03  -1.4944039E-04   1.4944039E-04   1.9344922E-02   1.2391439E-02  -2.6733657E-03  -3.1120378E-03  -3.4708083E-03  -6.2992225E-03  -8.2864692E-03  -2.4636259E-02  -2.4755100E-02   7.9467045E-03   2.2515939E-03  -3.6530777E-03  -2.2195121E-03  -1.0008988E-02  -1.7234633E-02  -2.3178359E-02  -2.0330537E-02  -2.0331977E-02   2.0642864E-02   6.1274721E-03   2.2906340E-02  -1.6392663E-02  -2.2143349E-02  -1.3910601E-02  -1.7220533E-02  -1.3734071E-02   6.4999996E-03   1.3165661E-02   1.9345177E-02   1.9345055E-02  -2.0683923E-02  -2.0386864E-02  -1.0230147E-02  -2.7810620E-02   3.1997585E-03  -6.4146570E-03   3.7853267E-03  -4.3906682E-03  -4.9950970E-02  -1.2951010E-02   5.9893277E-03   6.9109122E-02  -5.4170055E-02
 -1.6151697E-02   4.6056187E-03  -2.1720231E-03  -1.2994916E-02  -2.0473689E-02  -1.1140450E-02  -4.9547039E-03   1.7355957E-02  -1.6646377E-03  -6.4305437E-03   1.9425720E-02  -1.2460224E-02  -6.5441026E-03   5.1502480E-03   9.9470458E-03  -9.5381783E-03  -1.7596555E-02   2.8617249E-03   7.8593630E-03  -3.3957879E-03   1.2401507E-02   9.8567104E-03  -8.3654545E-04   7.3056152E-05   2.1259693E-04   6.5109838E-03   6.3078759E-04  -1.2218372E-02   2.7101748E-01   1.0000000E+00   2.1006064E-02   4.5661897E-01   2.4081083E-02  -7.2076787E-02  -1.8017063E-02   2.3249428E-02   1.7852156E-02   1.5747495E-02  -1.5747495E-02   3.1031309E-03   1.8884049E-02   9.4218625E-03  -8.0084350E-03   1.2231505E-03   8.8809642E-04  -3.7537191E-03  -1.3127784E-02  -1.0994606E-02   1.1577514E-02   7.2186979E-04   4.1402151E-03   1.1315781E-02   7.0412725E-03   1.3632232E-03  -4.9547039E-03  -1.5608213E-02  -1.5598582E-02   1.6129026E-02  -9.2907745E-03   1.2869903E-02   3.5281596E-04  -1.2424217E-03   5.3444112E-04  -1.6804257E-02   2.9098356E-03  -8.5873395E-03   1.7317949E-02   3.1031379E-03   3.1030994E-03  -4.2520736E-03  -3.7517784E-03   9.9504520E-03  -1.4535473E-02  -1.3604184E-02  -1.8892682E-02   1.1938709E-02   1.0056744E-02   1.9712471E-02  -1.0368641E-02   1.1840858E-02  -1.8928479E-02   1.6286383E-02
