  1.0000000E+00  -6.5014470E-02  -3.6108946E-01  -1.1790714E-01  -3.1664893E-02  -8.7275674E-03   2.1085498E-01  -1.6714550E-01   1.6714550E-01   2.8450426E-01   2.7342657E-01  -2.5452573E-01  -1.8000168E-01  -2.1308254E-01  -2.9994633E-01   8.5431265E-01   8.5429903E-01  -9.9359699E-01  -2.8146424E-01  -7.4220217E-01  -6.8787607E-01  -3.7173882E-01  -3.4522005E-01   9.5902604E-01  -7.5276891E-01   7.3120179E-01  -6.3815758E-01   2.8450426E-01   2.8449503E-01  -3.4179972E-01  -4.1893695E-01  -4.9903023E-01   2.1812718E-01  -2.2444626E-01   9.8013886E-02  -1.9315681E-01  -2.8131364E-01   3.9523052E-02
 -6.5014470E-02   1.0000000E+00   6.6967844E-01  -5.7186786E-01   7.4950738E-03  -7.2601980E-03   4.9345797E-01  -6.1403050E-01   6.1403050E-01   9.3814964E-01   9.2233039E-01   9.6465928E-01   9.6363049E-01   9.6924136E-01   9.3409978E-01  -5.2854188E-02  -5.2852847E-02   6.3013593E-02  -5.8086445E-01   3.0320622E-01  -6.3084275E-01   6.6721667E-01  -7.2499840E-01   4.5575943E-02  -5.3969369E-01   5.7697427E-01   3.3985939E-01   9.3814964E-01   9.3815297E-01  -6.4916925E-01  -6.1154779E-01  -6.0519660E-02   5.3624029E-01  -4.2904905E-01   4.9921435E-01   9.6541408E-01   9.5417985E-01   1.9778394E-01
 -3.6108946E-01   6.6967844E-01   1.0000000E+00   3.9333926E-02   1.3557760E-03  -1.3748448E-02   7.5855957E-01   3.5597629E-02  -3.5597631E-02   5.1807989E-01   5.7465888E-01   7.1616038E-01   6.0027675E-01   6.5488895E-01   6.6257419E-01  -3.1340329E-01  -3.1339771E-01   3.5505816E-01  -7.6421935E-01   4.8477246E-01  -2.7539395E-01   9.9992706E-01  -7.0742249E-01  -2.6623056E-01  -1.9008360E-01   1.4710080E-01   7.4159294E-01   5.1807989E-01   5.1807393E-01  -3.6395465E-01  -3.0147336E-01   6.1007024E-01   7.7187717E-01  -7.4438741E-01   2.4818586E-02   6.2306604E-01   7.5384493E-01   8.9565918E-03
 -1.1790714E-01  -5.7186786E-01   3.9333926E-02   1.0000000E+00  -2.8409383E-02  -3.0774611E-02   1.9014312E-01   9.0809673E-01  -9.0809673E-01  -5.9030719E-01  -4.6288164E-01  -5.6586048E-01  -6.8194999E-01  -6.3251605E-01  -6.2116948E-01  -9.7881873E-02  -9.7880198E-02   1.1778316E-01  -1.0011186E-02  -5.8872914E-02   4.5926350E-01   4.0706184E-02   2.5605932E-01  -1.7106709E-01   4.1655652E-01  -4.4307150E-01   1.5062429E-01  -5.9030719E-01  -5.9030858E-01   5.2043576E-01   5.1633229E-01   6.1335303E-01   1.6888635E-01  -2.1194844E-01  -6.2601307E-01  -6.6277424E-01  -5.1198055E-01  -3.4938056E-01
 -3.1664893E-02   7.4950738E-03   1.3557760E-03  -2.8409383E-02   1.0000000E+00  -3.8856461E-02  -7.0415919E-03  -2.0370666E-04   2.0370598E-04  -3.7860067E-03  -2.9643345E-03   1.7378430E-02   1.7007156E-02   1.7168471E-02   2.0782660E-02  -4.4478133E-02  -4.4478575E-02   3.2470638E-02   2.3871433E-02   4.3071893E-02   2.2175763E-02   1.7686539E-03   2.1619283E-02  -3.9456893E-02   2.8439119E-02  -2.8661511E-02   2.6895682E-02  -3.7860101E-03  -3.7856352E-03   5.6992593E-03   1.0320175E-02   6.0544515E-03  -1.5299938E-02   2.1866877E-02  -3.9662794E-02   1.8844498E-02   1.6814257E-02  -9.2828392E-04
 -8.7275674E-03  -7.2601980E-03  -1.3748448E-02  -3.0774611E-02  -3.8856461E-02   1.0000000E+00  -3.0437422E-03   1.1883457E-02  -1.1883456E-02  -1.0003075E-02  -8.1084003E-03  -2.6641670E-03  -5.6147695E-03  -4.3500276E-03  -4.1309576E-03  -2.5536125E-03  -2.5533928E-03   8.2061071E-03   1.6317868E-02   1.3539890E-03   1.3973312E-02  -1.3584313E-02   1.8110605E-02  -7.9755708E-03   1.2789631E-02  -1.0641891E-02  -6.8121003E-03  -1.0003079E-02  -1.0002957E-02   9.2582232E-03   8.9620743E-03  -5.1628554E-04  -1.6808812E-02   1.1386673E-02  -6.7971701E-02  -1.6874158E-03  -2.4442069E-03   4.8862163E-02
  2.1085498E-01   4.9345797E-01   7.5855957E-01   1.9014312E-01  -7.0415919E-03  -3.0437422E-03   1.0000000E+00   2.3003999E-01  -2.3004000E-01   5.4722781E-01   6.5991901E-01   3.9761294E-01   3.0747714E-01   3.4910930E-01   2.8921336E-01   1.7206111E-01   1.7205821E-01  -2.0986303E-01  -9.0568243E-01  -6.4886066E-04  -5.2490497E-01   7.5251552E-01  -7.8139661E-01   2.5796277E-01  -4.8937773E-01   4.7662647E-01   3.7125961E-01   5.4722780E-01   5.4722489E-01  -3.0364155E-01  -2.9217707E-01   5.3237856E-01   9.9128450E-01  -9.2742036E-01  -1.9177573E-01   3.2654330E-01   4.2803028E-01  -4.8368960E-02
 -1.6714550E-01  -6.1403050E-01   3.5597629E-02   9.0809673E-01  -2.0370666E-04   1.1883457E-02   2.3003999E-01   1.0000000E+00  -1.0000000E+00  -6.4789709E-01  -5.0843085E-01  -6.0280029E-01  -7.1225232E-01  -6.6750077E-01  -6.6007326E-01  -1.4751829E-01  -1.4751618E-01   1.6597549E-01  -2.3499338E-03  -3.7343106E-02   5.4673693E-01   3.7729477E-02   3.0976271E-01  -2.3077078E-01   5.0339008E-01  -5.1516121E-01   1.8341495E-01  -6.4789709E-01  -6.4789491E-01   6.3718693E-01   6.3422144E-01   7.1830531E-01   1.7098434E-01  -2.3534430E-01  -8.1699479E-01  -6.9073535E-01  -5.5340272E-01  -3.1494687E-01
  1.6714550E-01   6.1403050E-01  -3.5597631E-02  -9.0809673E-01   2.0370598E-04  -1.1883456E-02  -2.3004000E-01  -1.0000000E+00   1.0000000E+00   6.4789709E-01   5.0843085E-01   6.0280029E-01   7.1225232E-01   6.6750077E-01   6.6007326E-01   1.4751829E-01   1.4751619E-01  -1.6597549E-01   2.3499344E-03   3.7343104E-02  -5.4673693E-01  -3.7729478E-02  -3.0976271E-01   2.3077078E-01  -5.0339008E-01   5.1516121E-01  -1.8341496E-01   6.4789709E-01   6.4789491E-01  -6.3718692E-01  -6.3422143E-01  -7.1830532E-01  -1.7098434E-01   2.3534430E-01   8.1699479E-01   6.9073535E-01   5.5340272E-01   3.1494687E-01
  2.8450426E-01   9.3814964E-01   5.1807989E-01  -5.9030719E-01  -3.7860067E-03  -1.0003075E-02   5.4722781E-01  -6.4789709E-01   6.4789709E-01   1.0000000E+00   9.8095878E-01   8.3844394E-01   8.6331275E-01   8.5722527E-01   7.9332588E-01   2.4563844E-01   2.4563500E-01  -2.8420490E-01  -6.5569873E-01   3.3774901E-02  -8.4472357E-01   5.1201990E-01  -8.1629025E-01   3.7653278E-01  -7.7967149E-01   8.0800420E-01   1.0508762E-01   1.0000000E+00   1.0000000E+00  -7.4225389E-01  -7.3287454E-01  -2.3128727E-01   5.9085228E-01  -4.9006537E-01   5.1360618E-01   8.6046189E-01   8.1908183E-01   2.0372556E-01
  2.7342657E-01   9.2233039E-01   5.7465888E-01  -4.6288164E-01  -2.9643345E-03  -8.1084003E-03   6.5991901E-01  -5.0843085E-01   5.0843085E-01   9.8095878E-01   1.0000000E+00   8.0821355E-01   8.1104528E-01   8.1449847E-01   7.4257716E-01   2.3340434E-01   2.3340096E-01  -2.7336251E-01  -7.0125299E-01   3.2220584E-02  -8.1253084E-01   5.6850128E-01  -8.1748909E-01   3.6086199E-01  -7.4842106E-01   7.8731947E-01   1.5059669E-01   9.8095878E-01   9.8096075E-01  -6.7849783E-01  -6.6847310E-01  -1.0684643E-01   6.9562846E-01  -5.6563287E-01   3.9774081E-01   8.1282741E-01   7.9774485E-01   1.5510494E-01
 -2.5452573E-01   9.6465928E-01   7.1616038E-01  -5.6586048E-01   1.7378430E-02  -2.6641670E-03   3.9761294E-01  -6.0280029E-01   6.0280029E-01   8.3844394E-01   8.0821355E-01   1.0000000E+00   9.7801616E-01   9.9351132E-01   9.9024778E-01  -2.3748282E-01  -2.3747979E-01   2.5146406E-01  -5.0199174E-01   4.7914554E-01  -5.0072127E-01   7.1585884E-01  -6.5562748E-01  -1.4649270E-01  -3.9605986E-01   3.9675798E-01   4.7762615E-01   8.3844394E-01   8.3844449E-01  -6.2826902E-01  -5.7678316E-01  -9.1945680E-03   4.3246670E-01  -3.5172698E-01   4.6009373E-01   9.8751542E-01   9.9676414E-01   1.7428576E-01
 -1.8000168E-01   9.6363049E-01   6.0027675E-01  -6.8194999E-01   1.7007156E-02  -5.6147695E-03   3.0747714E-01  -7.1225232E-01   7.1225232E-01   8.6331275E-01   8.1104528E-01   9.7801616E-01   1.0000000E+00   9.9533860E-01   9.7913933E-01  -1.6224674E-01  -1.6224428E-01   1.7717576E-01  -4.4132545E-01   4.0595417E-01  -5.3384860E-01   5.9953941E-01  -6.1846296E-01  -7.1449464E-02  -4.3801668E-01   4.4997369E-01   3.6260817E-01   8.6331275E-01   8.6331573E-01  -6.2408975E-01  -5.8438911E-01  -1.3713528E-01   3.5210778E-01  -2.7282467E-01   5.7573705E-01   9.9749766E-01   9.5821272E-01   2.3759360E-01
 -2.1308254E-01   9.6924136E-01   6.5488895E-01  -6.3251605E-01   1.7168471E-02  -4.3500276E-03   3.4910930E-01  -6.6750077E-01   6.6750077E-01   8.5722527E-01   8.1449847E-01   9.9351132E-01   9.9533860E-01   1.0000000E+00   9.8975420E-01  -1.9540693E-01  -1.9540420E-01   2.1013747E-01  -4.7085924E-01   4.4004319E-01  -5.2356889E-01   6.5432412E-01  -6.3923807E-01  -1.0393997E-01  -4.2336102E-01   4.2982277E-01   4.1478911E-01   8.5722527E-01   8.5722709E-01  -6.3147793E-01  -5.8641788E-01  -8.2920858E-02   3.8947810E-01  -3.0929936E-01   5.2593664E-01   9.9855189E-01   9.8121911E-01   2.0863840E-01
 -2.9994633E-01   9.3409978E-01   6.6257419E-01  -6.2116948E-01   2.0782660E-02  -4.1309576E-03   2.8921336E-01  -6.6007326E-01   6.6007326E-01   7.9332588E-01   7.4257716E-01   9.9024778E-01   9.7913933E-01   9.8975420E-01   1.0000000E+00  -2.8246046E-01  -2.8245710E-01   2.9682378E-01  -4.1760806E-01   5.1184831E-01  -4.5121646E-01   6.6306887E-01  -5.9379833E-01  -1.9645925E-01  -3.4468925E-01   3.4263182E-01   4.6670122E-01   7.9332588E-01   7.9332581E-01  -6.2101681E-01  -5.6616084E-01  -6.5559846E-02   3.2654730E-01  -2.5608495E-01   5.0891743E-01   9.8628822E-01   9.8292258E-01   1.9428976E-01
  8.5431265E-01  -5.2854188E-02  -3.1340329E-01  -9.7881873E-02  -4.4478133E-02  -2.5536125E-03   1.7206111E-01  -1.4751829E-01   1.4751829E-01   2.4563844E-01   2.3340434E-01  -2.3748282E-01  -1.6224674E-01  -1.9540693E-01  -2.8246046E-01   1.0000000E+00   1.0000000E+00  -8.5838580E-01  -2.5886777E-01  -9.2034746E-01  -6.2015519E-01  -3.2338461E-01  -3.1874841E-01   9.5051117E-01  -7.2652892E-01   7.4883667E-01  -8.0532103E-01   2.4563845E-01   2.4562723E-01  -3.3607308E-01  -4.2040225E-01  -4.9781458E-01   1.7926866E-01  -2.0859618E-01   8.8564956E-02  -1.7551455E-01  -2.6468964E-01   3.5432753E-02
  8.5429903E-01  -5.2852847E-02  -3.1339771E-01  -9.7880198E-02  -4.4478575E-02  -2.5533928E-03   1.7205821E-01  -1.4751618E-01   1.4751619E-01   2.4563500E-01   2.3340096E-01  -2.3747979E-01  -1.6224428E-01  -1.9540420E-01  -2.8245710E-01   1.0000000E+00   1.0000000E+00  -8.5837462E-01  -2.5886499E-01  -9.2035261E-01  -6.2014688E-01  -3.2337887E-01  -3.1874491E-01   9.5050400E-01  -7.2652235E-01   7.4883233E-01  -8.0532524E-01   2.4563501E-01   2.4562379E-01  -3.3607046E-01  -4.2039941E-01  -4.9781069E-01   1.7926573E-01  -2.0859414E-01   8.8564010E-02  -1.7551199E-01  -2.6468641E-01   3.5432571E-02
 -9.9359699E-01   6.3013593E-02   3.5505816E-01   1.1778316E-01   3.2470638E-02   8.2061071E-03  -2.0986303E-01   1.6597549E-01  -1.6597549E-01  -2.8420490E-01  -2.7336251E-01   2.5146406E-01   1.7717576E-01   2.1013747E-01   2.9682378E-01  -8.5838580E-01  -8.5837462E-01   1.0000000E+00   2.7986856E-01   7.6499589E-01   6.8126242E-01   3.6537065E-01   3.4301587E-01  -9.5810478E-01   7.5010115E-01  -7.3155521E-01   6.5412351E-01  -2.8420490E-01  -2.8419567E-01   3.4091670E-01   4.1845789E-01   4.9799087E-01  -2.1723845E-01   2.2349959E-01  -9.8174304E-02   1.9030348E-01   2.7819502E-01  -4.0774995E-02
 -2.8146424E-01  -5.8086445E-01  -7.6421935E-01  -1.0011186E-02   2.3871433E-02   1.6317868E-02  -9.0568243E-01  -2.3499338E-03   2.3499344E-03  -6.5569873E-01  -7.0125299E-01  -5.0199174E-01  -4.4132545E-01  -4.7085924E-01  -4.1760806E-01  -2.5886777E-01  -2.5886499E-01   2.7986856E-01   1.0000000E+00   2.0180331E-02   6.8562426E-01  -7.5717981E-01   9.3743238E-01  -3.5563351E-01   6.4984491E-01  -5.9634854E-01  -3.2752709E-01  -6.5569873E-01  -6.5568797E-01   5.0566747E-01   4.9729776E-01  -3.4985438E-01  -9.1771030E-01   9.6992579E-01  -2.3504746E-02  -4.5380720E-01  -5.2003545E-01  -3.2209865E-02
 -7.4220217E-01   3.0320622E-01   4.8477246E-01  -5.8872914E-02   4.3071893E-02   1.3539890E-03  -6.4886066E-04  -3.7343106E-02   3.7343104E-02   3.3774901E-02   3.2220584E-02   4.7914554E-01   4.0595417E-01   4.4004319E-01   5.1184831E-01  -9.2034746E-01  -9.2035261E-01   7.6499589E-01   2.0180331E-02   1.0000000E+00   3.2516536E-01   4.9197387E-01   2.4600433E-02  -8.1816754E-01   4.5363718E-01  -5.3026879E-01   9.0271728E-01   3.3774898E-02   3.3780479E-02   5.0643948E-02   1.3156043E-01   4.2165882E-01   2.8857836E-03   2.3570077E-02   4.6546166E-02   4.2088897E-01   5.0257459E-01   8.6585812E-03
 -6.8787607E-01  -6.3084275E-01  -2.7539395E-01   4.5926350E-01   2.2175763E-02   1.3973312E-02  -5.2490497E-01   5.4673693E-01  -5.4673693E-01  -8.4472357E-01  -8.1253084E-01  -5.0072127E-01  -5.3384860E-01  -5.2356889E-01  -4.5121646E-01  -6.2015519E-01  -6.2014688E-01   6.8126242E-01   6.8562426E-01   3.2516536E-01   1.0000000E+00  -2.6521624E-01   8.5151540E-01  -7.5986274E-01   9.8846109E-01  -9.4210478E-01   1.9793176E-01  -8.4472357E-01  -8.4470981E-01   8.2284681E-01   8.5284752E-01   4.0924684E-01  -5.5637511E-01   5.2656247E-01  -3.9370449E-01  -5.3245816E-01  -4.8143581E-01  -1.4225293E-01
 -3.7173882E-01   6.6721667E-01   9.9992706E-01   4.0706184E-02   1.7686539E-03  -1.3584313E-02   7.5251552E-01   3.7729477E-02  -3.7729478E-02   5.1201990E-01   5.6850128E-01   7.1585884E-01   5.9953941E-01   6.5432412E-01   6.6306887E-01  -3.2338461E-01  -3.2337887E-01   3.6537065E-01  -7.5717981E-01   4.9197387E-01  -2.6521624E-01   1.0000000E+00  -6.9969739E-01  -2.7730649E-01  -1.7940694E-01   1.3690490E-01   7.4659183E-01   5.1201990E-01   5.1201410E-01  -3.5757755E-01  -2.9434072E-01   6.1398846E-01   7.6567640E-01  -7.3822403E-01   2.3392639E-02   6.2238050E-01   7.5372296E-01   8.4927676E-03
 -3.4522005E-01  -7.2499840E-01  -7.0742249E-01   2.5605932E-01   2.1619283E-02   1.8110605E-02  -7.8139661E-01   3.0976271E-01  -3.0976271E-01  -8.1629025E-01  -8.1748909E-01  -6.5562748E-01  -6.1846296E-01  -6.3923807E-01  -5.9379833E-01  -3.1874841E-01  -3.1874491E-01   3.4301587E-01   9.3743238E-01   2.4600433E-02   8.5151540E-01  -6.9969739E-01   1.0000000E+00  -4.3919971E-01   8.0726196E-01  -7.4035636E-01  -2.3337811E-01  -8.1629025E-01  -8.1627448E-01   7.5525488E-01   7.4651149E-01  -6.1917425E-02  -8.0670990E-01   8.2801227E-01  -2.4543647E-01  -6.2911535E-01  -6.6245582E-01  -9.7986517E-02
  9.5902604E-01   4.5575943E-02  -2.6623056E-01  -1.7106709E-01  -3.9456893E-02  -7.9755708E-03   2.5796277E-01  -2.3077078E-01   2.3077078E-01   3.7653278E-01   3.6086199E-01  -1.4649270E-01  -7.1449464E-02  -1.0393997E-01  -1.9645925E-01   9.5051117E-01   9.5050400E-01  -9.5810478E-01  -3.5563351E-01  -8.1816754E-01  -7.5986274E-01  -2.7730649E-01  -4.3919971E-01   1.0000000E+00  -8.3842463E-01   8.2746550E-01  -6.9717153E-01   3.7653278E-01   3.7652101E-01  -4.4380971E-01  -5.2432219E-01  -5.2506859E-01   2.6959464E-01  -2.8117560E-01   1.4762497E-01  -8.4037028E-02  -1.7473899E-01   5.7377425E-02
 -7.5276891E-01  -5.3969369E-01  -1.9008360E-01   4.1655652E-01   2.8439119E-02   1.2789631E-02  -4.8937773E-01   5.0339008E-01  -5.0339008E-01  -7.7967149E-01  -7.4842106E-01  -3.9605986E-01  -4.3801668E-01  -4.2336102E-01  -3.4468925E-01  -7.2652892E-01  -7.2652235E-01   7.5010115E-01   6.4984491E-01   4.5363718E-01   9.8846109E-01  -1.7940694E-01   8.0726196E-01  -8.3842463E-01   1.0000000E+00  -9.5571800E-01   3.1908799E-01  -7.7967149E-01  -7.7965645E-01   7.9091126E-01   8.3392034E-01   4.4938424E-01  -5.1797778E-01   5.0118977E-01  -3.5813935E-01  -4.3465417E-01  -3.7448944E-01  -1.2939996E-01
  7.3120179E-01   5.7697427E-01   1.4710080E-01  -4.4307150E-01  -2.8661511E-02  -1.0641891E-02   4.7662647E-01  -5.1516121E-01   5.1516121E-01   8.0800420E-01   7.8731947E-01   3.9675798E-01   4.4997369E-01   4.2982277E-01   3.4263182E-01   7.4883667E-01   7.4883233E-01  -7.3155521E-01  -5.9634854E-01  -5.3026879E-01  -9.4210478E-01   1.3690490E-01  -7.4035636E-01   8.2746550E-01  -9.5571800E-01   1.0000000E+00  -4.0748459E-01   8.0800420E-01   8.0799729E-01  -6.9762295E-01  -7.3516892E-01  -4.4963678E-01   5.0853335E-01  -4.5481007E-01   3.8418315E-01   4.4258450E-01   3.7100136E-01   1.4967496E-01
 -6.3815758E-01   3.3985939E-01   7.4159294E-01   1.5062429E-01   2.6895682E-02  -6.8121003E-03   3.7125961E-01   1.8341495E-01  -1.8341496E-01   1.0508762E-01   1.5059669E-01   4.7762615E-01   3.6260817E-01   4.1478911E-01   4.6670122E-01  -8.0532103E-01  -8.0532524E-01   6.5412351E-01  -3.2752709E-01   9.0271728E-01   1.9793176E-01   7.4659183E-01  -2.3337811E-01  -6.9717153E-01   3.1908799E-01  -4.0748459E-01   1.0000000E+00   1.0508761E-01   1.0508930E-01   1.8625260E-02   9.9105135E-02   6.9938725E-01   3.7099104E-01  -3.6114788E-01  -9.4004001E-02   3.8369964E-01   5.1776330E-01  -3.6019531E-02
  2.8450426E-01   9.3814964E-01   5.1807989E-01  -5.9030719E-01  -3.7860101E-03  -1.0003079E-02   5.4722780E-01  -6.4789709E-01   6.4789709E-01   1.0000000E+00   9.8095878E-01   8.3844394E-01   8.6331275E-01   8.5722527E-01   7.9332588E-01   2.4563845E-01   2.4563501E-01  -2.8420490E-01  -6.5569873E-01   3.3774898E-02  -8.4472357E-01   5.1201990E-01  -8.1629025E-01   3.7653278E-01  -7.7967149E-01   8.0800420E-01   1.0508761E-01   1.0000000E+00   1.0000000E+00  -7.4225389E-01  -7.3287454E-01  -2.3128727E-01   5.9085228E-01  -4.9006537E-01   5.1360618E-01   8.6046189E-01   8.1908183E-01   2.0372556E-01
  2.8449503E-01   9.3815297E-01   5.1807393E-01  -5.9030858E-01  -3.7856352E-03  -1.0002957E-02   5.4722489E-01  -6.4789491E-01   6.4789491E-01   1.0000000E+00   9.8096075E-01   8.3844449E-01   8.6331573E-01   8.5722709E-01   7.9332581E-01   2.4562723E-01   2.4562379E-01  -2.8419567E-01  -6.5568797E-01   3.3780479E-02  -8.4470981E-01   5.1201410E-01  -8.1627448E-01   3.7652101E-01  -7.7965645E-01   8.0799729E-01   1.0508930E-01   1.0000000E+00   1.0000000E+00  -7.4222440E-01  -7.3284516E-01  -2.3127913E-01   5.9084986E-01  -4.9005710E-01   5.1360874E-01   8.6046411E-01   8.1908145E-01   2.0372867E-01
 -3.4179972E-01  -6.4916925E-01  -3.6395465E-01   5.2043576E-01   5.6992593E-03   9.2582232E-03  -3.0364155E-01   6.3718693E-01  -6.3718692E-01  -7.4225389E-01  -6.7849783E-01  -6.2826902E-01  -6.2408975E-01  -6.3147793E-01  -6.2101681E-01  -3.3607308E-01  -3.3607046E-01   3.4091670E-01   5.0566747E-01   5.0643948E-02   8.2284681E-01  -3.5757755E-01   7.5525488E-01  -4.4380971E-01   7.9091126E-01  -6.9762295E-01   1.8625260E-02  -7.4225389E-01  -7.4222440E-01   1.0000000E+00   9.9326090E-01   4.4664759E-01  -3.3244545E-01   3.1792536E-01  -4.2444395E-01  -6.3267933E-01  -6.2203506E-01  -1.2380706E-01
 -4.1893695E-01  -6.1154779E-01  -3.0147336E-01   5.1633229E-01   1.0320175E-02   8.9620743E-03  -2.9217707E-01   6.3422144E-01  -6.3422143E-01  -7.3287454E-01  -6.6847310E-01  -5.7678316E-01  -5.8438911E-01  -5.8641788E-01  -5.6616084E-01  -4.2040225E-01  -4.2039941E-01   4.1845789E-01   4.9729776E-01   1.3156043E-01   8.5284752E-01  -2.9434072E-01   7.4651149E-01  -5.2432219E-01   8.3392034E-01  -7.3516892E-01   9.9105135E-02  -7.3287454E-01  -7.3284516E-01   9.9326090E-01   1.0000000E+00   4.9652582E-01  -3.2076137E-01   3.1087129E-01  -4.2154815E-01  -5.9067540E-01  -5.6647397E-01  -1.2372870E-01
 -4.9903023E-01  -6.0519660E-02   6.1007024E-01   6.1335303E-01   6.0544515E-03  -5.1628554E-04   5.3237856E-01   7.1830531E-01  -7.1830532E-01  -2.3128727E-01  -1.0684643E-01  -9.1945680E-03  -1.3713528E-01  -8.2920858E-02  -6.5559846E-02  -4.9781458E-01  -4.9781069E-01   4.9799087E-01  -3.4985438E-01   4.2165882E-01   4.0924684E-01   6.1398846E-01  -6.1917425E-02  -5.2506859E-01   4.4938424E-01  -4.4963678E-01   6.9938725E-01  -2.3128727E-01  -2.3127913E-01   4.4664759E-01   4.9652582E-01   1.0000000E+00   5.0511744E-01  -5.1339703E-01  -4.9116194E-01  -1.1820420E-01   4.1864702E-02  -1.5630362E-01
  2.1812718E-01   5.3624029E-01   7.7187717E-01   1.6888635E-01  -1.5299938E-02  -1.6808812E-02   9.9128450E-01   1.7098434E-01  -1.7098434E-01   5.9085228E-01   6.9562846E-01   4.3246670E-01   3.5210778E-01   3.8947810E-01   3.2654730E-01   1.7926866E-01   1.7926573E-01  -2.1723845E-01  -9.1771030E-01   2.8857836E-03  -5.5637511E-01   7.6567640E-01  -8.0670990E-01   2.6959464E-01  -5.1797778E-01   5.0853335E-01   3.7099104E-01   5.9085228E-01   5.9084986E-01  -3.3244545E-01  -3.2076137E-01   5.0511744E-01   1.0000000E+00  -9.2499172E-01  -7.9025928E-02   3.6561633E-01   4.5958855E-01  -2.0247071E-02
 -2.2444626E-01  -4.2904905E-01  -7.4438741E-01  -2.1194844E-01   2.1866877E-02   1.1386673E-02  -9.2742036E-01  -2.3534430E-01   2.3534430E-01  -4.9006537E-01  -5.6563287E-01  -3.5172698E-01  -2.7282467E-01  -3.0929936E-01  -2.5608495E-01  -2.0859618E-01  -2.0859414E-01   2.2349959E-01   9.6992579E-01   2.3570077E-02   5.2656247E-01  -7.3822403E-01   8.2801227E-01  -2.8117560E-01   5.0118977E-01  -4.5481007E-01  -3.6114788E-01  -4.9006537E-01  -4.9005710E-01   3.1792536E-01   3.1087129E-01  -5.1339703E-01  -9.2499172E-01   1.0000000E+00   1.6906954E-01  -2.8815045E-01  -3.7862022E-01   3.3361410E-02
  9.8013886E-02   4.9921435E-01   2.4818586E-02  -6.2601307E-01  -3.9662794E-02  -6.7971701E-02  -1.9177573E-01  -8.1699479E-01   8.1699479E-01   5.1360618E-01   3.9774081E-01   4.6009373E-01   5.7573705E-01   5.2593664E-01   5.0891743E-01   8.8564956E-02   8.8564010E-02  -9.8174304E-02  -2.3504746E-02   4.6546166E-02  -3.9370449E-01   2.3392639E-02  -2.4543647E-01   1.4762497E-01  -3.5813935E-01   3.8418315E-01  -9.4004001E-02   5.1360618E-01   5.1360874E-01  -4.2444395E-01  -4.2154815E-01  -4.9116194E-01  -7.9025928E-02   1.6906954E-01   1.0000000E+00   5.3459279E-01   4.1384446E-01   3.3898314E-01
 -1.9315681E-01   9.6541408E-01   6.2306604E-01  -6.6277424E-01   1.8844498E-02  -1.6874158E-03   3.2654330E-01  -6.9073535E-01   6.9073535E-01   8.6046189E-01   8.1282741E-01   9.8751542E-01   9.9749766E-01   9.9855189E-01   9.8628822E-01  -1.7551455E-01  -1.7551199E-01   1.9030348E-01  -4.5380720E-01   4.2088897E-01  -5.3245816E-01   6.2238050E-01  -6.2911535E-01  -8.4037028E-02  -4.3465417E-01   4.4258450E-01   3.8369964E-01   8.6046189E-01   8.6046411E-01  -6.3267933E-01  -5.9067540E-01  -1.1820420E-01   3.6561633E-01  -2.8815045E-01   5.3459279E-01   1.0000000E+00   9.7183007E-01   2.1659443E-01
 -2.8131364E-01   9.5417985E-01   7.5384493E-01  -5.1198055E-01   1.6814257E-02  -2.4442069E-03   4.2803028E-01  -5.5340272E-01   5.5340272E-01   8.1908183E-01   7.9774485E-01   9.9676414E-01   9.5821272E-01   9.8121911E-01   9.8292258E-01  -2.6468964E-01  -2.6468641E-01   2.7819502E-01  -5.2003545E-01   5.0257459E-01  -4.8143581E-01   7.5372296E-01  -6.6245582E-01  -1.7473899E-01  -3.7448944E-01   3.7100136E-01   5.1776330E-01   8.1908183E-01   8.1908145E-01  -6.2203506E-01  -5.6647397E-01   4.1864702E-02   4.5958855E-01  -3.7862022E-01   4.1384446E-01   9.7183007E-01   1.0000000E+00   1.4848596E-01
  3.9523052E-02   1.9778394E-01   8.9565918E-03  -3.4938056E-01  -9.2828392E-04   4.8862163E-02  -4.8368960E-02  -3.1494687E-01   3.1494687E-01   2.0372556E-01   1.5510494E-01   1.7428576E-01   2.3759360E-01   2.0863840E-01   1.9428976E-01   3.5432753E-02   3.5432571E-02  -4.0774995E-02  -3.2209865E-02   8.6585812E-03  -1.4225293E-01   8.4927676E-03  -9.7986517E-02   5.7377425E-02  -1.2939996E-01   1.4967496E-01  -3.6019531E-02   2.0372556E-01   2.0372867E-01  -1.2380706E-01  -1.2372870E-01  -1.5630362E-01  -2.0247071E-02   3.3361410E-02   3.3898314E-01   2.1659443E-01   1.4848596E-01   1.0000000E+00
