  1.0000000E+00  -6.1019917E-01   4.0248268E-01   3.6015727E-01   2.4093905E-02   6.0006197E-02   8.4698072E-02  -6.3476745E-02   3.2308138E-01   5.1396547E-01   9.5422240E-03  -2.5491736E-02  -1.2134758E-03  -1.2047447E-01   6.6478740E-02   1.0335520E-01  -1.1708856E-01  -2.1003276E-01  -1.8388485E-02   3.2281059E-02  -1.2552210E-01  -3.5899362E-03  -2.7175108E-02  -2.2510326E-02  -6.8208378E-04   4.4527617E-02   8.5542654E-02   1.4373945E-02   7.1105334E-02   1.2994342E-02   1.1693057E-02  -1.0251499E-02  -1.8495360E-02  -8.9225887E-03  -4.2367055E-02  -7.2540359E-02  -8.1021898E-02   4.0381465E-02  -5.6724793E-02   1.7907795E-01   2.4664702E-01  -2.4664702E-01  -5.3851778E-01   2.2275393E-02   4.3446343E-02  -3.3122556E-01  -1.6277444E-01  -9.7251034E-02  -1.8552653E-02   3.2487796E-01   3.2322605E-01  -2.5693352E-01  -1.6045122E-01   3.4540672E-01   3.5937856E-02   2.7982736E-01   4.5931249E-01   5.1396547E-01   9.9965137E-01   9.9965126E-01  -9.9994724E-01  -3.9914979E-01  -9.3624804E-01   3.5774145E-01   3.6123041E-01   3.2193058E-01   9.5994501E-01   2.1277962E-01   1.4333292E-01  -9.3289864E-01  -5.3851777E-01  -5.3852080E-01   5.9239375E-01   5.6944757E-01   3.2767503E-01   2.9976295E-01  -2.4038507E-01   1.3217071E-02  -1.3880680E-01   1.1693655E-01  -3.8556996E-02   2.8118377E-02   5.0530340E-03   1.0926349E-02  -3.1059730E-02
 -6.1019917E-01   1.0000000E+00  -4.1709192E-01  -4.2143453E-01  -2.8015879E-02  -1.1118085E-01  -1.1424926E-01   5.1487512E-02  -3.2458459E-01  -7.6712013E-01   1.3837361E-02   1.2149172E-02   8.2216232E-03   5.6404077E-02  -1.0914874E-02  -6.6625384E-02   6.6106821E-02   1.4263260E-01   3.8251300E-02   3.4993995E-03   5.4574320E-02  -2.0945243E-02  -2.0042851E-03   4.6643233E-03  -6.9317175E-04  -8.1163268E-02  -1.2606601E-01  -1.1704554E-02  -1.0344354E-01   1.3573262E-03   1.6183835E-03   2.3494421E-02   2.5876380E-03  -4.4374289E-03   2.7956206E-02   4.8601619E-02   6.0570159E-02  -1.7218180E-02   3.2271255E-02  -1.9590960E-01  -3.2544237E-01   3.2544237E-01   9.9616252E-01   9.6275570E-02   5.6405397E-02   5.8528045E-01   3.8882694E-01   2.7158395E-01   2.1285314E-01  -3.9076877E-01  -3.2457906E-01   5.7488125E-01   4.7290140E-01  -1.0027233E-01   1.4828435E-01  -9.9989317E-02  -2.2170030E-01  -7.6712013E-01  -6.0983198E-01  -6.0983430E-01   6.1020048E-01   3.3998256E-01   8.4955857E-01  -9.5809315E-01  -3.9951457E-01  -9.4002822E-01  -3.6561512E-01  -9.0392058E-01   6.9655997E-01   3.5830589E-01   9.9616252E-01   9.9616281E-01  -9.9907731E-01  -9.9798079E-01  -4.5915516E-01  -3.6546605E-01   2.7923425E-01  -2.7181070E-02   2.7986543E-01  -6.2424269E-02   1.3170972E-02   1.4466147E-01  -9.0982286E-04  -3.7603711E-02   5.0529770E-02
  4.0248268E-01  -4.1709192E-01   1.0000000E+00   2.0224134E-01   3.9969526E-03   7.0154953E-02   7.7646611E-02  -1.6532213E-02   1.7433584E-01   3.8596752E-01   1.5048135E-02  -6.5001160E-04  -9.8512914E-03  -2.2218813E-02   6.1696193E-03   1.8409469E-02  -2.2537439E-02  -5.0311371E-02  -1.7273241E-02  -4.9809144E-04  -1.3273712E-02  -2.5279180E-03  -1.2137728E-03  -2.5038016E-04   2.4454953E-03   2.4842720E-02   4.6135962E-02  -1.1776136E-03   5.7157061E-02  -3.9711044E-03  -6.9037087E-03  -9.3606848E-03  -5.9801452E-03   9.7188083E-03  -2.6357631E-02  -2.4227939E-02  -3.0818041E-02   1.1484736E-02  -1.1543538E-02   9.3882049E-02   1.4437495E-01  -1.4437495E-01  -3.9914405E-01  -2.2952752E-02  -2.0805451E-02  -2.5506591E-01  -1.6668785E-01  -1.2022731E-01  -9.2671385E-02   1.8618916E-01   1.7436977E-01  -1.8056886E-01  -1.7917610E-01   1.0704291E-01   3.8917155E-02   1.7901201E-01   2.4657682E-01   3.8596752E-01   4.0271126E-01   4.0271246E-01  -4.0260760E-01  -2.6889665E-01  -4.5294556E-01   3.4606340E-01   9.9891761E-01   2.2241341E-01   3.2600474E-01   2.9709280E-01  -1.5637783E-01  -1.0271152E-01  -3.9914418E-01  -3.9914478E-01   4.4333227E-01   4.4006101E-01   2.3019534E-01   2.2547258E-01  -1.4246122E-01   4.3066394E-02  -1.4905369E-01   3.4745551E-02   2.7392028E-03  -4.6146437E-02   1.1579126E-02   2.3058069E-02  -9.2272453E-03
  3.6015727E-01  -4.2143453E-01   2.0224134E-01   1.0000000E+00   2.1148398E-02   3.2337168E-02   4.1993120E-02   8.2345590E-02   9.8229241E-01   4.6068852E-01  -5.1056331E-02  -4.7340534E-03   7.1567372E-03  -1.2653939E-01   5.8704162E-02   8.9898130E-02  -1.2464747E-01  -1.4184801E-01   2.0604151E-02   6.8706412E-02  -1.3659086E-01  -1.6271410E-02  -2.8554123E-02  -3.3127288E-02  -4.2356292E-03   3.6727569E-02   4.0443363E-02   3.0102497E-03   3.5547508E-02   1.3682316E-04   3.5066442E-06  -8.7395688E-03  -1.5850627E-02  -3.2015271E-03  -2.5215328E-02  -2.3666140E-02  -4.2151343E-02  -3.0361917E-03  -6.8622005E-02   1.7846127E-02   7.1058464E-02  -7.1058464E-02  -4.0843897E-01  -1.0297129E-01   3.9327970E-01   3.8840962E-01   5.2723744E-01   6.0679432E-01   6.8262800E-01   9.9708587E-01   9.8207697E-01  -2.7637178E-01   8.9638230E-02  -3.6552160E-02  -1.5205278E-01  -2.1377058E-02   2.5560377E-01   4.6068852E-01   3.5962998E-01   3.5963728E-01  -3.6001439E-01  -7.5896974E-02  -4.2647549E-01   3.6649559E-01   1.8980193E-01   3.5451790E-01   2.7501252E-01   3.2530757E-01  -2.0029867E-01  -2.6751049E-01  -4.0843865E-01  -4.0843291E-01   4.1832186E-01   4.1420686E-01   1.0478701E-01   8.4070909E-02  -4.5761172E-02   2.0607086E-02   1.9575615E-01   3.6794048E-01  -1.7687410E-01   5.6005140E-01  -3.5395445E-03   4.9490250E-03  -3.0881949E-02
  2.4093905E-02  -2.8015879E-02   3.9969526E-03   2.1148398E-02   1.0000000E+00  -6.2898886E-01   1.6760753E-01  -3.7206315E-02   2.0818805E-02   3.7760469E-02   1.8857792E-02  -9.4596722E-02  -7.5663874E-02  -1.5680460E-02   1.1515856E-02  -2.7836953E-03  -5.4892477E-03  -1.1369304E-02   1.9829783E-03   6.3046183E-03   5.6069807E-03   1.0552091E-03   3.5546602E-03   8.3980843E-04   1.1467858E-02  -2.8620477E-03  -2.5005592E-03  -9.3087582E-05   5.5468520E-03   2.4622376E-03  -1.8185134E-03  -7.1427120E-03   2.9452333E-03   1.5573907E-03  -1.6558321E-04  -3.9877200E-03  -1.3500910E-03  -5.2978810E-03   6.3714130E-03  -4.7448518E-01  -4.4989803E-01   4.4989803E-01  -2.7135312E-02  -4.8862113E-01  -3.6644956E-01   2.3741907E-01  -1.3750344E-01  -1.4021256E-01   1.6276847E-02   2.1950190E-02   2.0296318E-02  -5.7665990E-03  -2.1942458E-02   3.9591032E-03   1.0373699E-02   2.2749806E-02   3.1851980E-02   3.7760469E-02   2.3774338E-02   2.3772282E-02  -2.3990556E-02  -4.4562286E-02  -2.8400486E-02   2.4266219E-02   2.9718602E-03   2.4796735E-02   1.8072330E-02   2.1532981E-02  -1.3292907E-02  -2.0368859E-02  -2.7135225E-02  -2.7138477E-02   2.7340266E-02   2.7024621E-02  -3.7653910E-02  -6.8485326E-02   1.8591177E-02  -3.4301000E-02  -2.3275646E-01  -3.1859719E-01  -1.0013380E-03  -3.0094427E-02  -2.1868334E-02   6.9062122E-03  -8.7822562E-03
  6.0006197E-02  -1.1118085E-01   7.0154953E-02   3.2337168E-02  -6.2898886E-01   1.0000000E+00  -4.7510047E-01  -8.3267150E-02   1.9666956E-02   7.5242148E-02  -1.0027898E-02   2.2582365E-02   1.4300263E-02   3.1565787E-03  -5.1756201E-03   1.1027283E-02   2.9281343E-03  -6.7956040E-03  -8.4878923E-03  -8.9852623E-03  -8.8423177E-03   1.4432808E-04  -1.1784566E-03  -2.3633173E-03  -6.8561700E-03   1.3388166E-02   1.0883903E-02   1.8613716E-02   7.1497435E-03  -1.3015052E-02  -3.8491158E-04   4.0417202E-03  -6.5956475E-03  -5.2298695E-03  -8.9887434E-03   6.7732203E-04   4.0231853E-03   2.5045335E-03  -1.4185269E-02   3.5885624E-01   3.6029696E-01  -3.6029696E-01  -1.1161994E-01   3.3025534E-01   2.8516603E-01  -1.9847723E-01   9.9120117E-02   1.1887986E-01   6.0585162E-02   2.7596374E-02   1.9536325E-02  -7.0902856E-02  -7.4806473E-02   7.5267358E-03  -3.2711507E-02  -1.3181573E-02   9.6288153E-03   7.5242148E-02   6.0706915E-02   6.0703535E-02  -6.0188512E-02  -2.5765451E-01  -8.9405159E-02   1.0924329E-01   6.9123507E-02   1.0395301E-01   3.2049260E-02   1.0456790E-01  -8.4182067E-02  -2.4382979E-02  -1.1161985E-01  -1.1161819E-01   1.1200272E-01   1.1227412E-01   3.9471132E-01   1.6327410E-01  -3.9576799E-01  -2.2071084E-01   1.9845566E-01   3.3451501E-01  -2.6450480E-02  -3.7028956E-02   6.1157980E-02  -5.2350242E-03  -3.5871238E-02
  8.4698072E-02  -1.1424926E-01   7.7646611E-02   4.1993120E-02   1.6760753E-01  -4.7510047E-01   1.0000000E+00  -2.7764639E-01   3.3904830E-02   9.7502441E-02   1.8809228E-02  -2.0483201E-02  -1.0430600E-01  -1.4069714E-02   6.8717919E-03   1.0107920E-02  -1.3452595E-02  -2.5173802E-02   1.6261441E-03   9.5661115E-03  -9.0661404E-04  -7.0870487E-04  -3.6366887E-03  -2.2035612E-03   2.0659403E-03   7.8291898E-03   2.0688085E-02  -1.3622106E-02   1.9182986E-02   6.9151020E-03   7.8786915E-03  -2.8784454E-03   9.8176711E-03  -2.9891808E-03  -3.3589989E-03  -1.3245324E-02  -1.7279364E-02   4.9424916E-03   2.0844228E-03  -5.2677360E-01  -4.8483949E-01   4.8483949E-01  -1.1215547E-01  -5.6658005E-01  -4.7628798E-01   1.5522155E-01  -2.6886072E-01  -2.6601681E-01  -1.2890820E-01   3.8317909E-02   3.3840251E-02  -4.9291288E-02  -1.8158570E-02   2.6134251E-02   9.4380405E-03   4.4543715E-02   5.2316296E-02   9.7502441E-02   8.4569773E-02   8.4575894E-02  -8.4642993E-02   2.8018184E-01  -1.0698745E-01   1.0415468E-01   7.5272158E-02   9.7830876E-02   5.9297857E-02   9.5297225E-02  -6.6246543E-02  -5.0592954E-02  -1.1215558E-01  -1.1216513E-01   1.1488247E-01   1.1428705E-01  -2.5517072E-01   5.9402698E-01   5.7173447E-01   9.3597737E-01  -7.9637121E-01  -5.1103394E-01   5.9140962E-04   6.7091074E-02  -1.7033059E-01   2.1002329E-02   1.7949959E-02
 -6.3476745E-02   5.1487512E-02  -1.6532213E-02   8.2345590E-02  -3.7206315E-02  -8.3267150E-02  -2.7764639E-01   1.0000000E+00   8.7894764E-02  -4.2511869E-02  -6.3710373E-03   2.5089252E-03   2.0883573E-02   2.0412430E-02  -1.3714135E-02  -1.2908467E-02   1.8298267E-02   3.1974154E-02  -3.7955501E-03  -1.1360423E-02   1.0986828E-02   6.4192754E-03  -1.1716839E-03   9.9492116E-03   5.0691806E-03   3.1187627E-03  -1.8346034E-02   6.8340936E-03  -2.8968921E-02   1.2066913E-02  -6.9273165E-04  -5.4225112E-03  -3.0680836E-03   1.0430635E-02   2.9399209E-03   1.3651180E-02   9.0320362E-03  -7.3782345E-03   1.0905376E-02  -3.3657416E-01  -3.3768593E-01   3.3768593E-01   4.7747990E-02  -3.2681568E-01  -3.0746376E-01   1.2319116E-01  -1.6169737E-01  -1.7557948E-01  -1.8864756E-01   9.2926189E-02   8.7963707E-02   1.3179076E-02   9.9424260E-02  -2.6415372E-02   1.4911440E-03  -6.2832090E-03  -4.2207124E-02  -4.2511869E-02  -6.4230835E-02  -6.4237720E-02   6.3606372E-02   6.3045430E-01   6.5288346E-02  -3.7917400E-02  -1.3963327E-02  -3.7457004E-02  -5.6651549E-02  -2.9393027E-02   6.9123642E-03   5.8358087E-02   4.7748041E-02   4.7758637E-02  -5.0212942E-02  -4.8981814E-02  -6.7704078E-01  -7.8449260E-01   4.8797403E-01  -1.6328457E-01   1.0160814E-01  -3.6971531E-01   3.8562729E-02   7.2037743E-02   3.1588944E-02   3.6508027E-03   5.6961205E-02
  3.2308138E-01  -3.2458459E-01   1.7433584E-01   9.8229241E-01   2.0818805E-02   1.9666956E-02   3.3904830E-02   8.7894764E-02   1.0000000E+00   3.8714841E-01   9.8593215E-02  -3.9305068E-03   7.6117892E-03  -1.2617140E-01   6.7635446E-02   8.6829444E-02  -1.1574327E-01  -1.2540627E-01   3.6173125E-02   8.7447566E-02  -1.4685995E-01  -2.4570661E-02  -4.0099659E-02  -3.8213228E-02   8.9900528E-04   3.6663596E-02   3.0220618E-02   3.8796344E-03   3.4817888E-02   1.8444381E-03   7.2289645E-05  -7.2435348E-03  -1.6422507E-02  -3.0452737E-03  -2.2020223E-02  -1.9159804E-02  -3.4946088E-02   3.7286528E-03  -7.0590837E-02  -4.3394724E-03   3.5877533E-02  -3.5877533E-02  -3.0952788E-01  -9.6141364E-02   4.2181826E-01   4.8012002E-01   6.0305750E-01   6.7267567E-01   7.5014992E-01   9.8236866E-01   9.9972875E-01  -9.1422860E-02   2.2894707E-01   8.8184523E-02   1.3905292E-02   1.0699221E-01   3.6241637E-01   3.8714841E-01   3.2257766E-01   3.2258402E-01  -3.2294495E-01  -4.5607374E-02  -3.5887107E-01   2.6570218E-01   1.6265895E-01   2.5358551E-01   2.6546074E-01   2.2583331E-01  -1.1285020E-01  -2.5592425E-01  -3.0952753E-01  -3.0952208E-01   3.2114992E-01   3.1638722E-01   5.7833415E-02   5.0278096E-02  -1.6501025E-02   2.1067553E-02   2.3787631E-01   3.8115610E-01  -1.8794533E-01   5.9822734E-01  -2.4616408E-03   5.6848546E-03  -3.2006600E-02
  5.1396547E-01  -7.6712013E-01   3.8596752E-01   4.6068852E-01   3.7760469E-02   7.5242148E-02   9.7502441E-02  -4.2511869E-02   3.8714841E-01   1.0000000E+00   2.3568662E-02  -7.6994135E-03  -1.4747860E-03  -1.7834205E-01   7.6817426E-02   1.5745242E-01  -2.2208647E-01  -2.4304188E-01   3.8323107E-02   1.1485967E-01  -2.4148374E-01   2.7246226E-02  -2.9393489E-02  -4.7549906E-02  -2.6599287E-03   1.2277357E-01   1.6563941E-01   1.0247257E-02   1.3559197E-01  -1.5364125E-03  -1.8473467E-04  -2.3846698E-02   7.5024197E-04   1.0438767E-02  -1.4886287E-02  -2.5868825E-02  -3.6515538E-02  -2.8049886E-02  -8.6063279E-02   1.4390387E-01   2.4323497E-01  -2.4323497E-01  -7.5910887E-01  -7.8881165E-02   5.4436173E-02  -3.1351596E-01  -1.4408756E-01  -4.7715771E-02  -1.2626370E-01   4.3658478E-01   3.8750341E-01  -4.6259168E-01  -7.0334364E-01  -2.1104658E-01  -3.8155320E-02   3.2394559E-01   4.9858006E-01   1.0000000E+00   5.1363272E-01   5.1363923E-01  -5.1389468E-01  -2.8007957E-01  -6.8224822E-01   7.1848597E-01   3.7114823E-01   6.9513200E-01   3.3416060E-01   6.6877258E-01  -4.9285973E-01  -3.1197419E-01  -7.5910890E-01  -7.5910867E-01   7.6748086E-01   7.6517798E-01   3.5603018E-01   2.9260671E-01  -2.1703895E-01   2.7523463E-02  -1.5219203E-01   1.3201596E-01  -1.1304651E-03  -2.8510146E-01   7.9877340E-03   4.3996723E-02  -7.4898935E-02
  9.5422240E-03   1.3837361E-02   1.5048135E-02  -5.1056331E-02   1.8857792E-02  -1.0027898E-02   1.8809228E-02  -6.3710373E-03   9.8593215E-02   2.3568662E-02   1.0000000E+00   7.3614347E-05  -8.4753953E-03   4.9179110E-02   8.1642039E-03   5.0917409E-03   5.8338115E-02   3.1757305E-02   2.3149890E-02   4.3053914E-02  -1.2220625E-02  -1.1644732E-02  -1.0610565E-02  -8.2215319E-03   3.2354268E-02   6.3393396E-02   3.6294698E-02   1.4443814E-02   7.5826705E-02   1.2553080E-02   5.0496853E-03  -4.4032342E-03   2.4586356E-03   9.1940575E-03   1.4408315E-02   7.3106052E-03   2.0051346E-02  -4.1863816E-03  -1.1238930E-02  -3.3062470E-02  -3.4798602E-02   3.4798602E-02   1.5771135E-02  -2.8562676E-02   3.3992019E-02   9.6544493E-02   8.2711700E-02   8.4365608E-02   9.0773896E-02  -5.0505094E-02   9.8453766E-02   7.7715815E-01   4.2647952E-01   7.3515375E-01   9.2982227E-01   8.5325992E-01   7.3682470E-01   2.3568662E-02   9.5907797E-03   9.5861124E-03  -9.6256691E-03   1.5634869E-02  -3.4820283E-04  -1.9964255E-02   1.4744611E-02  -2.2745768E-02   1.6079132E-02  -2.2429706E-02   2.6168677E-02  -1.1248017E-02   1.5771205E-02   1.5768750E-02  -1.4151618E-02  -1.4694042E-02  -1.9646898E-02   3.5660095E-03   2.2758260E-02   2.2417905E-02   1.9044044E-02   2.3990347E-02  -3.0526649E-02  -6.4822405E-02   5.1425749E-03   6.0138039E-02  -4.7111407E-02
 -2.5491736E-02   1.2149172E-02  -6.5001160E-04  -4.7340534E-03  -9.4596722E-02   2.2582365E-02  -2.0483201E-02   2.5089252E-03  -3.9305068E-03  -7.6994135E-03   7.3614347E-05   1.0000000E+00  -5.7064679E-02  -6.9637615E-03  -4.0172682E-03  -4.8668755E-03   2.4802821E-03   2.6110540E-03  -1.7778766E-03   8.4713752E-03   1.8980694E-03  -2.6116528E-04   1.3604619E-04  -8.7445790E-03  -6.2418487E-03  -4.6010778E-04   1.8017810E-03   5.7734847E-03   3.5310519E-03  -5.4289464E-03   7.3051972E-03  -6.8858763E-04  -3.2245815E-03  -2.9962747E-03  -2.8147570E-03  -4.3676285E-03  -6.2781448E-03   3.8367628E-03  -1.4530515E-02   7.3344789E-02   6.8555494E-02  -6.8555494E-02   1.0105129E-02   7.7307768E-02   6.2195992E-02  -2.8227196E-02   3.0453562E-02   3.0537783E-02   4.4577666E-03  -4.3847662E-03  -3.8155686E-03   4.9215011E-03   1.2768293E-03  -1.0616757E-02  -4.0130338E-04  -5.1977017E-03  -8.7389216E-03  -7.6994135E-03  -2.5168713E-02  -2.5169299E-02   2.5442111E-02   3.3606926E-05   2.2233515E-02  -5.1928948E-03   6.0027116E-04  -5.4722684E-03  -2.5985810E-02  -1.2935111E-03  -7.8072821E-03   2.7178323E-02   1.0105207E-02   1.0107272E-02  -1.1477089E-02  -1.0784889E-02   2.6333651E-03  -1.1954906E-02  -8.4819055E-03  -1.6304842E-02   5.2922779E-02   5.4139012E-02   2.3290410E-03   7.6509580E-04   1.1844052E-02  -2.9797716E-04   2.5127694E-03
 -1.2134758E-03   8.2216232E-03  -9.8512914E-03   7.1567372E-03  -7.5663874E-02   1.4300263E-02  -1.0430600E-01   2.0883573E-02   7.6117892E-03  -1.4747860E-03  -8.4753953E-03  -5.7064679E-02   1.0000000E+00   1.3948339E-03   7.5395900E-03   3.4490449E-03   2.8058442E-04  -7.1282573E-03   8.1370744E-03   2.3009338E-03  -1.2122435E-02  -1.9282942E-03   3.7610187E-03   2.1646393E-03  -3.4491855E-03  -1.4882917E-03   7.8080084E-03  -3.2388446E-03   7.3155469E-03   9.3766622E-03  -6.7375202E-03  -1.1886280E-02  -2.4473510E-03  -2.5080691E-03   2.1793203E-04   3.6117376E-04  -4.2404212E-03   6.9701820E-03   6.6919524E-03   1.3676139E-01   1.2792763E-01  -1.2792763E-01   8.6102623E-03   1.4093544E-01   1.2116938E-01  -4.7293605E-02   6.3643671E-02   6.5368726E-02   2.7529866E-02   6.4817450E-03   8.0735279E-03   1.0539974E-03  -7.3370015E-04  -6.1563598E-03  -3.6934384E-03  -3.8320241E-03   7.1811474E-04  -1.4747860E-03  -9.9918930E-04  -9.9875509E-04   1.0916204E-03  -4.8180846E-02   4.3922651E-03  -9.2161418E-03  -9.8828212E-03  -8.2207821E-03   1.4101881E-03  -9.4461357E-03   9.2537500E-03  -3.4872982E-03   8.6103622E-03   8.6147891E-03  -8.4821406E-03  -8.6279766E-03   3.6322746E-02  -7.0562680E-02  -7.4354684E-02  -1.1667692E-01   1.4002106E-01   1.1713051E-01   9.7295417E-03   4.3328205E-03   7.9802434E-02   7.7607852E-04   1.0790147E-02
 -1.2047447E-01   5.6404077E-02  -2.2218813E-02  -1.2653939E-01  -1.5680460E-02   3.1565787E-03  -1.4069714E-02   2.0412430E-02  -1.2617140E-01  -1.7834205E-01   4.9179110E-02  -6.9637615E-03   1.3948339E-03   1.0000000E+00  -2.6382712E-01  -1.5153849E-01   2.3390216E-01   1.4057718E-02  -3.3646364E-01  -8.4747280E-01   3.8132708E-02   8.7968482E-03   8.8872107E-03  -7.3497791E-02  -3.7776654E-01  -2.8368417E-02  -1.7671375E-02   4.9821997E-04  -1.7047454E-02  -1.4697806E-03   8.7716859E-03  -5.7653738E-03   5.1213928E-03  -1.2556851E-02   1.6969879E-03  -6.3828556E-03  -5.3722052E-03  -6.1715209E-02   4.5321216E-01  -2.0452279E-02  -2.6634443E-02   2.6634443E-02   4.6680554E-02  -6.9134874E-03  -7.2356391E-02  -5.1956412E-02  -8.5645791E-02  -9.5913119E-02  -7.0738090E-02  -1.2348228E-01  -1.2623456E-01   2.5406102E-02   9.4700132E-02   4.8989997E-02  -2.7093797E-02  -1.0221053E-01  -1.5952664E-01  -1.7834205E-01  -1.2037822E-01  -1.2037347E-01   1.2037637E-01   5.5612520E-02   1.0513751E-01  -2.2829407E-02  -1.6713645E-02  -2.1416626E-02  -1.2110889E-01  -4.4877723E-03  -3.8767921E-02   1.2410034E-01   4.6680487E-02   4.6678521E-02  -5.2961768E-02  -4.9792826E-02  -4.2191911E-02  -4.0537225E-02   3.3656163E-02  -1.1409952E-03  -3.0521975E-02  -7.1437025E-02   8.7018992E-04  -4.7673713E-03   6.9332213E-04   2.8274087E-02  -3.7257288E-04
  6.6478740E-02  -1.0914874E-02   6.1696193E-03   5.8704162E-02   1.1515856E-02  -5.1756201E-03   6.8717919E-03  -1.3714135E-02   6.7635446E-02   7.6817426E-02   8.1642039E-03  -4.0172682E-03   7.5395900E-03  -2.6382712E-01   1.0000000E+00  -1.3583709E-01  -4.6051463E-02   4.6784697E-01   6.7785997E-01   2.4972327E-01   1.0241330E-01  -1.4441560E-02   9.0709807E-03   7.7536668E-02   4.3254709E-02   8.8173351E-03   1.0576328E-03   1.0905585E-03   3.3940406E-03  -1.4174488E-02  -1.6214741E-03   1.9096388E-02   7.3081647E-03  -7.5647930E-03  -1.3964295E-02  -2.3461646E-03  -1.7716122E-03   4.8141204E-02  -4.6973473E-02   6.0421688E-03   7.0738419E-03  -7.0738419E-03  -4.2640918E-03   4.8928111E-03   4.1810091E-02   4.3488495E-02   5.7508534E-02   6.0701289E-02   4.9765595E-02   5.7018719E-02   6.7945636E-02   3.4873473E-02  -1.3256217E-02   1.6082835E-02   6.0950142E-02   9.2278989E-02   1.1694100E-01   7.6817426E-02   6.6425687E-02   6.6427430E-02  -6.6473948E-02  -2.7485594E-02  -4.9069397E-02  -1.1270658E-02   2.8685778E-03  -1.2091949E-02   7.4374959E-02  -2.2536759E-02   4.6720518E-02  -7.5547338E-02  -4.2642043E-03  -4.2637199E-03   8.5653269E-03   6.4064822E-03   1.4966238E-02   1.7895596E-02  -1.4069171E-02   1.3661318E-03   2.1935962E-02   3.8999018E-02   2.7095340E-03   1.5371621E-02  -2.5678802E-03  -3.6822258E-02   6.6716279E-03
  1.0335520E-01  -6.6625384E-02   1.8409469E-02   8.9898130E-02  -2.7836953E-03   1.1027283E-02   1.0107920E-02  -1.2908467E-02   8.6829444E-02   1.5745242E-01   5.0917409E-03  -4.8668755E-03   3.4490449E-03  -1.5153849E-01  -1.3583709E-01   1.0000000E+00  -5.4769896E-01  -2.8398552E-01   3.8772223E-01   3.2317324E-01  -5.5320651E-01  -4.2154563E-02   1.8272422E-02   2.7628215E-01   1.4164802E-01   2.5426742E-02   4.6784386E-02  -9.1710485E-03   2.7556308E-02   1.0306641E-02   1.2849562E-02  -2.5655435E-03   1.1883268E-03   9.5398703E-03   3.2038633E-03  -1.8471227E-02  -1.7338107E-02   1.2330250E-01  -1.4053138E-01   2.5426584E-02   3.1243360E-02  -3.1243360E-02  -5.9443116E-02   8.0633580E-03   4.8174945E-02   1.0704031E-02   4.2630320E-02   5.2673437E-02   2.9819783E-02   8.7002908E-02   8.6601577E-02  -3.2380120E-02  -9.5795340E-02  -3.8107173E-02   2.0550919E-02   8.5716111E-02   1.2780541E-01   1.5745242E-01   1.0363296E-01   1.0363747E-01  -1.0340015E-01  -4.5896226E-02  -9.8444153E-02   4.1241925E-02   1.3779585E-02   4.0931873E-02   9.7543787E-02   2.6489813E-02   1.0378168E-02  -1.0186996E-01  -5.9442987E-02  -5.9443769E-02   6.4003468E-02   6.1632847E-02   4.1156767E-02   3.7564749E-02  -2.9997914E-02   2.1757441E-03   1.3538591E-02   5.0913493E-02  -1.5824266E-01  -3.0301641E-02   1.5312680E-02   9.2409724E-02  -1.6511919E-01
 -1.1708856E-01   6.6106821E-02  -2.2537439E-02  -1.2464747E-01  -5.4892477E-03   2.9281343E-03  -1.3452595E-02   1.8298267E-02  -1.1574327E-01  -2.2208647E-01   5.8338115E-02   2.4802821E-03   2.8058442E-04   2.3390216E-01  -4.6051463E-02  -5.4769896E-01   1.0000000E+00   3.3429647E-01  -2.0327776E-01  -2.3303868E-01   1.9852283E-01  -7.0086666E-02   5.3183737E-02  -9.5854331E-02  -7.6311038E-02  -1.5072746E-02  -4.6750676E-02   2.0167188E-03  -2.2882980E-02  -9.3703429E-03   1.5974020E-04  -3.2470333E-03  -1.0398729E-02  -7.5658422E-03  -6.7582694E-04  -2.4498306E-03   8.1907053E-03   2.8193220E-01   1.0585764E-01  -2.7530115E-02  -3.3955881E-02   3.3955881E-02   5.7374350E-02  -1.0852141E-02  -7.0295253E-02  -3.6222649E-02  -7.4641891E-02  -8.5886280E-02  -4.3689544E-02  -1.2099332E-01  -1.1580701E-01   6.8794574E-02   1.6182147E-01   1.1369790E-01   8.3879362E-03  -8.7996475E-02  -1.5193156E-01  -2.2208647E-01  -1.1716217E-01  -1.1716336E-01   1.1706892E-01   5.1326142E-02   1.0731015E-01  -3.5630819E-02  -1.7254810E-02  -3.4630704E-02  -1.1386161E-01  -1.8404393E-02  -2.3479561E-02   1.1736406E-01   5.7374383E-02   5.7374587E-02  -6.3079715E-02  -6.0217400E-02  -4.1550123E-02  -3.7621094E-02   3.1725819E-02  -4.8753744E-04  -2.9122995E-02  -6.9941553E-02   1.6566563E-01   3.5983155E-02  -7.1903221E-03  -1.6527673E-01   1.7396474E-01
 -2.1003276E-01   1.4263260E-01  -5.0311371E-02  -1.4184801E-01  -1.1369304E-02  -6.7956040E-03  -2.5173802E-02   3.1974154E-02  -1.2540627E-01  -2.4304188E-01   3.1757305E-02   2.6110540E-03  -7.1282573E-03   1.4057718E-02   4.6784697E-01  -2.8398552E-01   3.3429647E-01   1.0000000E+00   5.5856475E-01   1.8415335E-01  -1.9703724E-01  -1.7728309E-02  -6.7718221E-02   1.2162377E-01   7.1586053E-02  -2.5870245E-02  -5.1339298E-02  -8.8079063E-03  -3.1325390E-02  -1.8070112E-02  -3.2193376E-03   5.8455628E-03   1.0361101E-02  -3.7743231E-03   6.7614373E-03   2.3543087E-02   2.7630976E-02   2.2547450E-02   2.9902269E-02  -4.5760386E-02  -6.1292468E-02   6.1292468E-02   1.2849747E-01  -8.3339508E-03  -5.5283094E-02   2.5858031E-02  -2.6565892E-02  -4.5235803E-02  -2.3832589E-02  -1.3352610E-01  -1.2571246E-01   1.1059722E-01   1.6246053E-01   6.1535299E-02   2.5484235E-02  -8.1484703E-02  -1.5437432E-01  -2.4304188E-01  -2.0958512E-01  -2.0958904E-01   2.0988283E-01   9.4224949E-02   2.0297942E-01  -9.2312105E-02  -4.1147521E-02  -9.0201742E-02  -1.9627286E-01  -6.2688306E-02  -1.1812845E-02   2.0115936E-01   1.2849733E-01   1.2850011E-01  -1.3786202E-01  -1.3320712E-01  -8.4654863E-02  -7.7017042E-02   6.1253301E-02  -4.0386384E-03   3.7251283E-03  -6.7028773E-02   5.5801914E-02   3.2186513E-02  -1.3363999E-02  -1.5015109E-01   6.3791729E-02
 -1.8388485E-02   3.8251300E-02  -1.7273241E-02   2.0604151E-02   1.9829783E-03  -8.4878923E-03   1.6261441E-03  -3.7955501E-03   3.6173125E-02   3.8323107E-02   2.3149890E-02  -1.7778766E-03   8.1370744E-03  -3.3646364E-01   6.7785997E-01   3.8772223E-01  -2.0327776E-01   5.5856475E-01   1.0000000E+00   6.1012492E-01  -4.6829470E-01  -4.0658990E-02  -1.8171015E-02   1.0086930E-01   6.5755642E-02   1.2119817E-02   2.9436967E-03  -8.9739059E-03   4.5078486E-03  -1.2872556E-02   2.6820104E-03   7.5949015E-03   4.6135277E-03   2.4739119E-03   2.8077483E-03   6.2362663E-03   5.7111776E-03   1.1458761E-01  -1.7888399E-01  -5.8607328E-03  -1.0758914E-02   1.0758914E-02   3.8651922E-02   5.4603663E-03   3.6860769E-02   6.4528446E-02   6.6114751E-02   6.3894859E-02   4.3765441E-02   2.2680287E-02   3.6012913E-02   7.6014115E-02   3.3145027E-03   4.4963186E-03   8.4274143E-02   9.4651533E-02   9.9037310E-02   3.8323107E-02  -1.8023413E-02  -1.8023369E-02   1.8295367E-02   6.8387954E-03   2.9129497E-02  -3.8528873E-02  -1.6884523E-02  -3.7685303E-02  -8.2929507E-03  -3.7331777E-02   3.1333846E-02   7.0945819E-03   3.8651922E-02   3.8652997E-02  -3.8644191E-02  -3.8768789E-02  -1.3574012E-02  -6.7454317E-03   8.1627780E-03   2.5251605E-03   3.1702513E-02   2.7849494E-02  -6.5412814E-02  -1.8865811E-03  -2.7224374E-03  -5.8728199E-02  -6.5500364E-02
  3.2281059E-02   3.4993995E-03  -4.9809144E-04   6.8706412E-02   6.3046183E-03  -8.9852623E-03   9.5661115E-03  -1.1360423E-02   8.7447566E-02   1.1485967E-01   4.3053914E-02   8.4713752E-03   2.3009338E-03  -8.4747280E-01   2.4972327E-01   3.2317324E-01  -2.3303868E-01   1.8415335E-01   6.1012492E-01   1.0000000E+00  -3.7526247E-01  -2.7337721E-02  -1.5793368E-02  -1.6288733E-02   1.8307041E-01   2.3545435E-02   7.9233836E-03  -2.4566323E-03   1.5678833E-02  -4.5033286E-04  -1.5918372E-03  -1.3199652E-03  -5.5212218E-03   1.3269525E-02   7.6482344E-03   1.5601014E-02   1.3103651E-02   8.8538505E-02  -4.7518174E-01   2.9228579E-03   2.0292758E-03  -2.0292758E-03   7.2880880E-03   5.0981320E-03   6.0812944E-02   7.5352331E-02   9.0673217E-02   9.3854791E-02   6.4860607E-02   6.9170502E-02   8.7267428E-02   8.3342199E-02  -2.5199832E-02   1.1197777E-02   1.2219613E-01   1.6080370E-01   1.8267527E-01   1.1485967E-01   3.2416995E-02   3.2414315E-02  -3.2208446E-02  -1.4285184E-02  -1.9907920E-02  -1.5900001E-02  -2.2320339E-03  -1.6198452E-02   3.8509867E-02  -2.1787608E-02   3.3734442E-02  -3.9974119E-02   7.2881651E-03   7.2896010E-03  -4.9246288E-03  -6.1505505E-03   5.2358077E-03   1.1815178E-02  -4.5881128E-03   5.0568006E-03   3.7647111E-02   5.2651988E-02  -2.5258750E-02  -7.5196879E-03  -3.4757396E-03  -6.2020406E-02  -2.7047133E-02
 -1.2552210E-01   5.4574320E-02  -1.3273712E-02  -1.3659086E-01   5.6069807E-03  -8.8423177E-03  -9.0661404E-04   1.0986828E-02  -1.4685995E-01  -2.4148374E-01  -1.2220625E-02   1.8980694E-03  -1.2122435E-02   3.8132708E-02   1.0241330E-01  -5.5320651E-01   1.9852283E-01  -1.9703724E-01  -4.6829470E-01  -3.7526247E-01   1.0000000E+00   2.8440075E-02  -1.6180441E-02  -1.7050903E-01  -8.1878223E-02  -3.4840620E-02  -4.2814329E-02   6.7792220E-04  -3.0924760E-02   3.9841080E-03  -6.4063099E-04   1.9969320E-02  -1.6334884E-03  -7.1426128E-03  -1.2431778E-02  -1.6547738E-03  -5.2405035E-03  -6.3896509E-02   5.3382999E-02  -3.4841752E-02  -3.9158805E-02   3.9158805E-02   4.4177096E-02  -2.2125504E-02  -9.9607519E-02  -6.5925925E-02  -1.1442221E-01  -1.2567292E-01  -7.5306117E-02  -1.3467160E-01  -1.4643261E-01  -2.7390751E-02   1.2102668E-01   4.1041452E-02  -1.0569794E-01  -2.0135584E-01  -2.6022624E-01  -2.4148374E-01  -1.2601921E-01  -1.2602586E-01   1.2563950E-01   5.4394814E-02   1.0790929E-01  -1.8983657E-02  -7.2368029E-03  -1.8720080E-02  -1.2794023E-01   3.9630933E-04  -4.5604948E-02   1.3325487E-01   4.4176999E-02   4.4177286E-02  -5.0794812E-02  -4.7374076E-02  -4.1385918E-02  -3.2409399E-02   3.6265356E-02   7.2648235E-03  -5.5459378E-02  -9.5182879E-02   7.8916483E-02   3.7877312E-02  -7.6135525E-03   9.3945415E-02   8.8241758E-02
 -3.5899362E-03  -2.0945243E-02  -2.5279180E-03  -1.6271410E-02   1.0552091E-03   1.4432808E-04  -7.0870487E-04   6.4192754E-03  -2.4570661E-02   2.7246226E-02  -1.1644732E-02  -2.6116528E-04  -1.9282942E-03   8.7968482E-03  -1.4441560E-02  -4.2154563E-02  -7.0086666E-02  -1.7728309E-02  -4.0658990E-02  -2.7337721E-02   2.8440075E-02   1.0000000E+00   1.3389554E-01   1.9473077E-02   1.1810386E-02  -8.5503883E-03   8.5222148E-03  -9.2399887E-04   5.0739879E-03   5.8916383E-04  -1.0212243E-02  -1.5455363E-02   1.0726496E-04   4.5677365E-03  -1.9441298E-03   2.5492170E-03   8.0012715E-03   2.0162299E-01   2.6613913E-03  -1.2779517E-03   1.8551722E-03  -1.8551722E-03  -2.2673447E-02  -7.9389279E-03  -2.2366549E-02  -3.1920060E-02  -3.5832256E-02  -3.4442117E-02  -4.2143857E-02  -1.6202878E-02  -2.4615729E-02  -3.9605291E-02  -5.2970463E-02  -3.8864202E-02  -2.9810532E-02  -1.7096384E-02  -1.8542145E-02   2.7246226E-02  -3.4438479E-03  -3.4461464E-03   3.5157217E-03   6.1125966E-03  -6.9887702E-03   2.5929029E-02  -2.3918235E-03   2.7250477E-02  -1.1343817E-02   2.7689886E-02  -2.9322637E-02   8.9340771E-03  -2.2673780E-02  -2.2674861E-02   2.0937966E-02   2.1483549E-02   7.3165139E-04  -3.6062218E-03   1.4763493E-03  -1.5073333E-03  -1.6299789E-02  -1.8359421E-02  -4.1318551E-03  -4.3567791E-02   1.0120809E-02   2.2366210E-02  -1.5377064E-02
 -2.7175108E-02  -2.0042851E-03  -1.2137728E-03  -2.8554123E-02   3.5546602E-03  -1.1784566E-03  -3.6366887E-03  -1.1716839E-03  -4.0099659E-02  -2.9393489E-02  -1.0610565E-02   1.3604619E-04   3.7610187E-03   8.8872107E-03   9.0709807E-03   1.8272422E-02   5.3183737E-02  -6.7718221E-02  -1.8171015E-02  -1.5793368E-02  -1.6180441E-02   1.3389554E-01   1.0000000E+00   3.2741588E-01   1.1163563E-01  -5.2797150E-03   8.9051669E-03   6.3195076E-03   5.7618175E-03   6.7159337E-03   3.6978734E-03   5.8324734E-03  -9.8290716E-03  -7.3156905E-03   8.6950397E-03  -7.4241883E-03   1.0210955E-02  -2.1661179E-01  -9.4788604E-02  -2.4164577E-04  -2.3593391E-05   2.3593391E-05  -5.1343797E-03  -1.8141675E-03  -2.3933701E-02  -3.1453656E-02  -3.6818070E-02  -3.7793812E-02  -3.3168670E-02  -2.8620531E-02  -4.0007552E-02  -5.3955445E-02  -2.0856002E-02  -4.0704418E-02  -6.8786380E-02  -7.7064997E-02  -8.3509734E-02  -2.9393489E-02  -2.7174076E-02  -2.7171442E-02   2.7192256E-02   4.9428321E-03   1.7232191E-02   1.2166079E-02   1.3492401E-04   1.2611405E-02  -3.2555213E-02   1.7113116E-02  -2.7149882E-02   3.2897684E-02  -5.1340586E-03  -5.1341510E-03   2.9427157E-03   3.9582343E-03   1.3157647E-03  -5.0344411E-03  -1.1199068E-03  -4.7448302E-03  -1.4291368E-02  -2.0000750E-02  -1.0106273E-02  -1.7947775E-02   2.2493490E-03  -8.0370891E-03  -1.4688699E-02
 -2.2510326E-02   4.6643233E-03  -2.5038016E-04  -3.3127288E-02   8.3980843E-04  -2.3633173E-03  -2.2035612E-03   9.9492116E-03  -3.8213228E-02  -4.7549906E-02  -8.2215319E-03  -8.7445790E-03   2.1646393E-03  -7.3497791E-02   7.7536668E-02   2.7628215E-01  -9.5854331E-02   1.2162377E-01   1.0086930E-01  -1.6288733E-02  -1.7050903E-01   1.9473077E-02   3.2741588E-01   1.0000000E+00   8.3981411E-01  -1.9776371E-03   4.3963362E-04  -9.6822846E-03  -5.1562103E-04   9.8379330E-04  -1.0262479E-02   1.0448396E-02   1.0435296E-02  -1.5210062E-04   9.2230858E-03  -1.4603671E-02   9.1816751E-04  -1.0953570E-02   4.1884748E-01  -3.2646378E-03  -4.7810129E-03   4.7810129E-03   2.4738198E-03  -2.6276203E-03  -2.4844188E-02  -2.6270163E-02  -3.4567307E-02  -3.6474440E-02  -2.6382506E-02  -3.2572680E-02  -3.8202404E-02  -1.9957120E-02   1.3624563E-02   4.7764382E-04  -3.5049684E-02  -5.2622526E-02  -6.4814650E-02  -4.7549906E-02  -2.2348730E-02  -2.2351267E-02   2.2391557E-02   8.8730309E-03   1.6989489E-02   2.6356487E-03   9.0552108E-04   2.6122515E-03  -2.4736997E-02   6.3872601E-03  -1.4459021E-02   2.5591566E-02   2.4739581E-03   2.4739891E-03  -3.9097555E-03  -3.1796805E-03  -6.1318896E-03  -8.8772320E-03   5.0951020E-03  -2.1144088E-03  -1.3437173E-02  -2.2360294E-02  -4.3254059E-02  -1.6661082E-03   1.3987024E-02   3.4323664E-03  -4.3424299E-02
 -6.8208378E-04  -6.9317175E-04   2.4454953E-03  -4.2356292E-03   1.1467858E-02  -6.8561700E-03   2.0659403E-03   5.0691806E-03   8.9900528E-04  -2.6599287E-03   3.2354268E-02  -6.2418487E-03  -3.4491855E-03  -3.7776654E-01   4.3254709E-02   1.4164802E-01  -7.6311038E-02   7.1586053E-02   6.5755642E-02   1.8307041E-01  -8.1878223E-02   1.1810386E-02   1.1163563E-01   8.3981411E-01   1.0000000E+00   8.9055388E-03   2.0804943E-03  -5.9570395E-03   3.5409864E-03  -4.2912610E-04  -1.9592948E-02   9.9192260E-03   8.9941895E-03   7.0737995E-03   1.4930342E-02  -7.8097499E-03   1.0786008E-03   9.9898284E-03   4.2734425E-01  -6.7128047E-03  -7.0877759E-03   7.0877759E-03  -8.1273318E-04  -7.0300166E-03  -5.4610714E-03   3.0374621E-03  -2.4648049E-03  -2.4559083E-03   8.2577001E-04  -4.1031097E-03   9.4252454E-04   2.7123073E-02   1.7527034E-02   2.8962167E-02   3.2285795E-02   2.7942357E-02   2.2499771E-02  -2.6599287E-03  -6.7727231E-04  -6.8468736E-04   5.7822628E-04   9.9349517E-04   1.1617425E-04   1.0114301E-03   2.5744601E-03   6.9899498E-04  -1.1469064E-03   1.1819383E-03  -1.3136988E-03   1.4367324E-03  -8.1266130E-04  -8.1126324E-04   7.0095921E-04   7.6075651E-04  -1.8444699E-03  -2.6036710E-03   1.7345955E-03  -3.8625131E-04  -2.9938018E-03  -4.9120275E-03  -2.4476580E-02  -8.3369178E-04   6.5971313E-03   9.4703048E-03  -2.4546238E-02
  4.4527617E-02  -8.1163268E-02   2.4842720E-02   3.6727569E-02  -2.8620477E-03   1.3388166E-02   7.8291898E-03   3.1187627E-03   3.6663596E-02   1.2277357E-01   6.3393396E-02  -4.6010778E-04  -1.4882917E-03  -2.8368417E-02   8.8173351E-03   2.5426742E-02  -1.5072746E-02  -2.5870245E-02   1.2119817E-02   2.3545435E-02  -3.4840620E-02  -8.5503883E-03  -5.2797150E-03  -1.9776371E-03   8.9055388E-03   1.0000000E+00   3.0125431E-01   8.0243032E-03   8.6697469E-02   2.0629664E-03   3.1635032E-03   1.0725153E-02  -1.5170638E-02  -4.7194008E-03  -1.5113843E-02   1.1582209E-05  -6.6463758E-03  -1.8366982E-04  -1.8679571E-02   1.4577543E-02   2.4847527E-02  -2.4847527E-02  -8.1404255E-02  -9.3564428E-03   4.6238084E-03  -3.4038551E-02  -1.6685077E-02  -6.3955616E-03  -2.2738242E-02   3.4382112E-02   3.6630737E-02  -7.1125074E-03  -7.3184935E-02   3.1582726E-03   5.1365107E-02   9.1177877E-02   1.0098849E-01   1.2277357E-01   4.4843117E-02   4.4838291E-02  -4.4622350E-02  -2.1945125E-02  -6.5787593E-02   7.9586667E-02   2.3609444E-02   7.9395619E-02   2.3778902E-02   7.6078664E-02  -6.0994402E-02  -2.5619328E-02  -8.1404068E-02  -8.1405442E-02   8.0889424E-02   8.0965003E-02   3.3622420E-02   2.7325857E-02  -1.9059933E-02   3.5398152E-03  -1.5705619E-02   1.2246160E-02  -2.5326373E-01  -5.7049586E-02   5.4680241E-04   3.0593413E-01  -2.6648259E-01
  8.5542654E-02  -1.2606601E-01   4.6135962E-02   4.0443363E-02  -2.5005592E-03   1.0883903E-02   2.0688085E-02  -1.8346034E-02   3.0220618E-02   1.6563941E-01   3.6294698E-02   1.8017810E-03   7.8080084E-03  -1.7671375E-02   1.0576328E-03   4.6784386E-02  -4.6750676E-02  -5.1339298E-02   2.9436967E-03   7.9233836E-03  -4.2814329E-02   8.5222148E-03   8.9051669E-03   4.3963362E-04   2.0804943E-03   3.0125431E-01   1.0000000E+00  -4.6860716E-03   3.5782071E-01   5.6862564E-03   9.2313456E-03   1.3060686E-02  -2.7182170E-03  -2.4732878E-04  -1.4696607E-02  -1.2297035E-02  -1.4646151E-02  -1.2649596E-02  -1.6456883E-02   3.4674625E-02   5.0556439E-02  -5.0556439E-02  -1.2463029E-01  -1.6325681E-03   4.5239020E-04  -7.8966562E-02  -4.6322648E-02  -3.1562025E-02  -5.0734995E-02   3.6992402E-02   2.9804006E-02  -5.9886070E-02  -1.2779447E-01  -2.0126019E-02   1.6743989E-02   7.7183780E-02   9.6066342E-02   1.6563941E-01   8.5920176E-02   8.5914094E-02  -8.5525677E-02  -5.1464092E-02  -1.1287812E-01   1.1768802E-01   4.3329173E-02   1.1625839E-01   5.6647708E-02   1.0928848E-01  -7.9972723E-02  -5.7336554E-02  -1.2463016E-01  -1.2463123E-01   1.2537491E-01   1.2491131E-01   6.4251432E-02   5.6029822E-02  -3.9601190E-02   7.2235100E-03  -3.4107392E-02   1.5207368E-02  -6.1106156E-02  -9.2962986E-02   1.4023811E-03   9.5796754E-02  -8.4784266E-02
  1.4373945E-02  -1.1704554E-02  -1.1776136E-03   3.0102497E-03  -9.3087582E-05   1.8613716E-02  -1.3622106E-02   6.8340936E-03   3.8796344E-03   1.0247257E-02   1.4443814E-02   5.7734847E-03  -3.2388446E-03   4.9821997E-04   1.0905585E-03  -9.1710485E-03   2.0167188E-03  -8.8079063E-03  -8.9739059E-03  -2.4566323E-03   6.7792220E-04  -9.2399887E-04   6.3195076E-03  -9.6822846E-03  -5.9570395E-03   8.0243032E-03  -4.6860716E-03   1.0000000E+00  -4.6537501E-03   6.7876177E-04   1.5289728E-02   2.0100658E-03   3.2848442E-03  -9.2047071E-03  -2.8029824E-03   2.5797075E-03  -1.7231597E-03  -7.2739275E-03   1.4862826E-03   2.0320373E-03   3.0431243E-03  -3.0431243E-03  -1.0860634E-02  -1.0209181E-03  -7.9925965E-04  -6.3205514E-03  -4.3937488E-03  -3.1360391E-03  -1.6419076E-03   2.4523222E-03   3.8632827E-03   3.8935484E-03  -1.1405415E-03   1.3160589E-02   1.1385389E-02   1.4713968E-02   1.5429870E-02   1.0247257E-02   1.4095103E-02   1.4088360E-02  -1.4354457E-02  -8.0425828E-03  -1.4681345E-02   8.5637780E-03  -1.6800587E-03   9.1206951E-03   1.2516136E-02   6.6676009E-03  -1.5679200E-03  -1.4507612E-02  -1.0860709E-02  -1.0859151E-02   1.1156411E-02   1.0865268E-02   9.3772826E-03  -1.9190818E-05  -1.0878541E-02  -9.4601224E-03   9.3612555E-04   2.0543167E-03   9.6774916E-02  -4.4802950E-03   6.6725711E-03  -1.0126023E-01   9.5025789E-02
  7.1105334E-02  -1.0344354E-01   5.7157061E-02   3.5547508E-02   5.5468520E-03   7.1497435E-03   1.9182986E-02  -2.8968921E-02   3.4817888E-02   1.3559197E-01   7.5826705E-02   3.5310519E-03   7.3155469E-03  -1.7047454E-02   3.3940406E-03   2.7556308E-02  -2.2882980E-02  -3.1325390E-02   4.5078486E-03   1.5678833E-02  -3.0924760E-02   5.0739879E-03   5.7618175E-03  -5.1562103E-04   3.5409864E-03   8.6697469E-02   3.5782071E-01  -4.6537501E-03   1.0000000E+00   9.8023784E-03   8.2963990E-03   3.2263147E-03  -1.2509044E-03   1.8642725E-03  -9.1279120E-04  -1.7876736E-02  -1.8546652E-02  -5.9128679E-03  -1.0165882E-02   3.1713574E-02   4.4698843E-02  -4.4698843E-02  -1.0216445E-01   1.8821237E-03   9.5997003E-03  -5.7615071E-02  -2.6757418E-02  -1.4118197E-02  -2.7293214E-02   3.2420103E-02   3.4595687E-02  -1.0297200E-02  -7.8956422E-02   2.2211476E-02   5.9399284E-02   1.0383560E-01   1.1505675E-01   1.3559197E-01   7.1698770E-02   7.1697746E-02  -7.1219932E-02  -5.4579419E-02  -9.3322647E-02   9.6214834E-02   5.5156798E-02   9.2341215E-02   4.7364511E-02   8.9159722E-02  -6.4766992E-02  -4.2997311E-02  -1.0216444E-01  -1.0216485E-01   1.0356061E-01   1.0320418E-01   6.4396745E-02   5.6498999E-02  -4.2009386E-02   5.3915558E-03  -2.5025271E-02   2.2374781E-02  -7.3328865E-03  -6.9774339E-02   1.1966103E-02   3.3958736E-02  -2.5343706E-02
