# omegabh2 omegach2 theta tau binw1 binw2 binw3 binw4 logA ns calPlanck alpha_JLA beta_JLA acib217 xi asz143 aps100 aps143 aps143217 aps217 aksz kgal100 kgal143 kgal143217 kgal217 galfEE100 galfEE100143 galfEE100217 galfEE143 galfEE143217 galfEE217 galfTE100 galfTE100143 galfTE100217 galfTE143 galfTE143217 galfTE217 cal0 cal2
  2.4236897E-08  -1.4238266E-07   1.9911830E-08   9.6331703E-07   1.9119838E-06   1.0893854E-06   7.0018760E-06  -1.1868563E-05   1.6679391E-06   3.8687504E-07   3.7127250E-09  -2.6178349E-08  -1.5379341E-08  -1.2342738E-04   2.9336024E-06   3.0572982E-05  -5.0609377E-04  -2.5290614E-04  -2.8274401E-05   5.5326807E-05  -4.5554106E-05  -1.0377298E-06  -7.7787350E-06  -1.4486632E-05  -7.8272356E-07   3.9250778E-08   6.6107771E-08   7.2699490E-08   7.6230928E-08   9.5048539E-08   2.3724432E-07  -5.9767941E-08  -8.4350029E-08  -1.1802581E-07  -3.6272597E-07  -1.4220136E-06  -3.5619017E-06   4.8648868E-09  -1.2772625E-08
 -1.4238266E-07   2.2464357E-06  -1.9865717E-07  -1.0852147E-05  -2.1403744E-05  -1.9432287E-05  -9.0929076E-05   9.2681679E-05  -1.6132611E-05  -5.5591531E-06   5.1832832E-08   1.2011521E-07   1.0031657E-06   5.5633383E-04  -4.6370916E-06  -1.8973772E-04   2.7508778E-03   1.6534826E-03   5.6624207E-04   5.7741737E-05   1.9067956E-04  -5.8289652E-05  -5.5233897E-06   2.8898998E-05  -7.6580823E-06  -6.8879000E-07  -9.3794264E-07  -5.6992637E-07  -1.0676794E-06   9.5583711E-08   3.1612416E-07   1.3187248E-06   1.1361468E-07  -5.6510093E-07   2.3042898E-06   9.1724061E-06   2.5635791E-05  -1.9970384E-08   6.9957063E-08
  1.9911830E-08  -1.9865717E-07   1.0098362E-07   1.1041649E-06   6.4743024E-07   2.5997450E-06   1.3102385E-05  -6.3095945E-06   1.8371386E-06   5.9302702E-07   1.1951236E-08  -1.3625452E-09  -2.5485124E-07  -4.6464825E-05   5.5572994E-07   1.1115620E-05  -1.9884198E-04  -1.2365892E-04  -5.4213600E-05  -1.7425445E-06  -9.8330147E-06  -1.4915833E-06  -7.0918914E-07  -3.2890654E-07   5.7282833E-06   4.4699733E-08   7.2777367E-08  -1.2157525E-08   1.2507943E-07  -5.9291088E-08  -2.8591515E-07  -1.1139752E-07  -5.5669991E-08   2.6241346E-07  -4.6062098E-07  -9.6945462E-07  -2.7654864E-06   2.8242208E-09  -5.3055830E-09
  9.6331703E-07  -1.0852147E-05   1.1041649E-06   2.9517331E-04   1.8520578E-04   6.4786939E-05   3.8310611E-04   1.6991193E-03   5.5964045E-04   3.8268742E-05  -2.1922638E-06  -5.3650780E-07   1.0009715E-05  -1.4306791E-02   2.8588238E-04   2.9346490E-03  -5.9456598E-02  -1.8849318E-02   3.4962479E-03   1.2995265E-02  -5.4705252E-03  -5.1906625E-04  -9.0200006E-04  -2.3527272E-03  -5.3639986E-04   3.5728192E-06   3.4491898E-06   1.6801883E-06   4.2056994E-06   1.1044621E-07   7.8516239E-09  -5.6230374E-06  -7.9775388E-06  -4.6735119E-06  -2.3824020E-05  -5.1197826E-05  -2.0449890E-04  -4.0366389E-08  -1.7051817E-06
  1.9119838E-06  -2.1403744E-05   6.4743024E-07   1.8520578E-04   2.5982265E-01  -3.7387670E-02   4.5366411E-02  -2.2777191E-02   3.5190388E-04   9.3062376E-05   2.4023375E-05  -3.1806724E-04  -3.1397508E-03  -5.2598733E-02   1.6638520E-03  -2.6960451E-03  -7.7683604E-02  -4.4823548E-02   9.9830998E-03   3.5379087E-02   6.6624872E-03   9.9870237E-04   3.3314692E-03   1.7695624E-03   4.3087670E-02  -8.2602974E-06  -6.3271325E-06  -1.5415128E-06   1.9470433E-05   5.8968640E-05  -1.2080481E-04  -1.3634652E-04   4.3978676E-05   6.7450269E-05  -4.6415889E-06  -2.5594621E-04  -1.9433121E-04  -2.0897429E-06   4.6972425E-06
  1.0893854E-06  -1.9432287E-05   2.5997450E-06   6.4786939E-05  -3.7387670E-02   1.3598590E-02  -2.9419466E-02  -1.1661801E-02   7.6052561E-05   4.2423488E-05  -2.9225472E-06   1.7370835E-05   1.3575601E-04   2.4223759E-03  -1.7107608E-04   2.4433316E-03   9.4801665E-03  -6.1292711E-03  -9.7758772E-03  -1.1535250E-02  -2.4037089E-03   3.1250488E-05  -2.5267351E-04  -1.1392423E-03  -5.8933291E-03   8.8399202E-06   6.3003243E-06   7.0517501E-05   5.7415337E-06  -7.1309187E-05  -5.8497479E-06   1.7650443E-05  -2.2531407E-05  -5.1818568E-05  -5.7644488E-05   9.9455242E-06   1.3248234E-04   2.2600911E-07  -2.3925070E-06
  7.0018760E-06  -9.0929076E-05   1.3102385E-05   3.8310611E-04   4.5366411E-02  -2.9419466E-02   2.8197121E-01  -1.7706773E-01   5.9702664E-04   2.5033186E-04   2.4961923E-05  -7.1747133E-05  -4.5089953E-03  -4.9166086E-02   1.0343139E-03   1.0198379E-02  -1.9832912E-01  -1.0339155E-01   8.5284551E-03   5.5922573E-02  -1.1222604E-03  -6.9875811E-04  -3.5506487E-03  -4.8369838E-03   8.0863463E-03   2.3539624E-05   5.4532319E-05  -2.3499765E-04   7.0147003E-05   1.7252563E-04   5.4523750E-04  -5.7240417E-05   1.5271961E-04  -1.3486591E-04  -9.8089860E-05  -8.8562631E-04  -2.5910224E-03   2.0309559E-06   1.6008731E-06
 -1.1868563E-05   9.2681679E-05  -6.3095945E-06   1.6991193E-03  -2.2777191E-02  -1.1661801E-02  -1.7706773E-01   1.4424142E+00   3.5005618E-03  -2.4686154E-04  -1.9123166E-05   1.9876369E-05   2.0418221E-03   1.6133095E-01  -4.6686721E-03  -2.9456871E-02   6.1014489E-01   2.9701466E-01  -4.5022402E-02  -1.5020653E-01   3.0759988E-02   1.4314957E-02  -2.5873469E-03   4.9394750E-02   4.4876082E-02   2.1208387E-05  -1.0937510E-04   2.6665074E-04  -2.3958953E-04   6.8091642E-04  -1.0842745E-04  -2.4388656E-04  -1.0794341E-04   1.0643963E-03   1.9417464E-04   2.0644326E-03   3.0631741E-03  -6.8572440E-06   1.8943243E-05
  1.6679391E-06  -1.6132611E-05   1.8371386E-06   5.5964045E-04   3.5190388E-04   7.6052561E-05   5.9702664E-04   3.5005618E-03   1.0996628E-03   6.2073395E-05   8.1711175E-06  -8.5977073E-07   2.0548712E-05  -2.7533958E-02   6.3574665E-04   5.4709625E-03  -1.0656228E-01  -3.2164947E-02   1.1847446E-02   3.1924699E-02  -1.1352773E-02  -1.5128841E-03  -2.4449481E-03  -5.2383031E-03   2.1974762E-04   6.8840676E-06   4.9746714E-06   4.1796263E-06   7.9510175E-06   2.8737335E-06   3.1241731E-07  -8.9954466E-06  -1.5953397E-05  -8.5803245E-06  -4.0157193E-05  -8.0003018E-05  -3.2724223E-04   9.5682798E-08  -3.3856870E-06
  3.8687504E-07  -5.5591531E-06   5.9302702E-07   3.8268742E-05   9.3062376E-05   4.2423488E-05   2.5033186E-04  -2.4686154E-04   6.2073395E-05   2.3377416E-05   2.8479860E-07  -2.4556148E-07  -5.8049085E-07  -5.6745312E-03   1.0527808E-04   1.4464871E-03  -2.9812499E-02  -9.0889396E-03   1.8300709E-03   6.1138550E-03  -2.7217922E-03   2.4460407E-04  -2.6130553E-04  -9.5037511E-04  -9.4798275E-05   3.3611157E-06   3.9755134E-06   1.6096178E-06   4.5146362E-06  -3.4902677E-07  -1.1640614E-07  -4.3178636E-06   1.0626336E-07   4.2883979E-06  -3.9581889E-06  -1.5749273E-05  -4.9855948E-05  -1.0494978E-07  -6.0184528E-07
  3.7127250E-09   5.1832832E-08   1.1951236E-08  -2.1922638E-06   2.4023375E-05  -2.9225472E-06   2.4961923E-05  -1.9123166E-05   8.1711175E-06   2.8479860E-07   6.2461059E-06   1.2135886E-09  -1.7243791E-06   8.0884129E-04   5.7836030E-06   2.4178977E-05   4.0479496E-03   6.1387812E-04   5.7142935E-04   1.1845861E-03  -7.1197856E-05  -5.4037247E-05  -4.8757606E-05  -8.4938493E-05   5.9603043E-04   8.9707551E-07   4.5027637E-07   1.1727446E-06   1.3050206E-06   1.4740344E-06   1.6447437E-06  -4.1211543E-07   1.8000426E-07   1.9523582E-06   1.9802942E-06   2.3006129E-06   1.4151068E-05  -8.0964687E-09  -4.0625466E-08
 -2.6178349E-08   1.2011521E-07  -1.3625452E-09  -5.3650780E-07  -3.1806724E-04   1.7370835E-05  -7.1747133E-05   1.9876369E-05  -8.5977073E-07  -2.4556148E-07   1.2135886E-09   4.3511964E-05  -3.0643603E-05  -3.0229169E-04  -7.5113004E-06  -6.0998834E-05   4.5423799E-04   1.3321528E-04  -1.1582836E-04   6.1518761E-04   2.9186717E-05  -3.1987393E-06   1.6500227E-06  -2.3844619E-04  -3.0349376E-04  -1.7184790E-08   5.8998047E-08   1.2372551E-06   1.6039801E-07  -1.6825677E-06   6.2800850E-06  -1.7010065E-07  -6.2310559E-07  -1.6793205E-06  -1.0210738E-06  -3.6277351E-06  -1.1694366E-05   1.9584904E-08  -1.3862900E-07
 -1.5379341E-08   1.0031657E-06  -2.5485124E-07   1.0009715E-05  -3.1397508E-03   1.3575601E-04  -4.5089953E-03   2.0418221E-03   2.0548712E-05  -5.8049085E-07  -1.7243791E-06  -3.0643603E-05   6.6272936E-03   7.4725459E-04   1.7397859E-04   5.3349936E-04   6.3417582E-04  -4.4883354E-03   6.5425242E-03   2.0621561E-03  -2.3005241E-03  -2.9147442E-04   5.6295386E-04   7.2845173E-04  -2.0697450E-03  -6.8601952E-07   3.1552928E-06  -8.5659415E-06   4.1011479E-06   3.5864850E-05  -7.1482121E-05  -3.6237353E-05  -5.8364438E-06  -1.7348232E-05   9.7566571E-07   3.7022850E-06  -9.7480584E-05   4.3910096E-07   7.8793367E-07
 -1.2342738E-04   5.5633383E-04  -4.6464825E-05  -1.4306791E-02  -5.2598733E-02   2.4223759E-03  -4.9166086E-02   1.6133095E-01  -2.7533958E-02  -5.6745312E-03   8.0884129E-04  -3.0229169E-04   7.4725459E-04   4.3306787E+01  -4.9212721E-01  -1.8948197E+00   4.2735643E+01   7.1552804E-01  -2.1868805E+01  -6.1397837E+01   5.8498463E-01   1.0748903E-01   1.0753322E-01  -1.9993987E+00  -1.8324564E+01  -1.0570448E-03  -5.7727084E-04   1.0651628E-04  -7.7255257E-04  -4.5444689E-04   7.5229867E-03  -1.4208488E-03   9.8730198E-04  -7.0211193E-03   6.1414173E-04  -5.2890606E-03  -9.9832418E-03  -3.1428405E-04   4.3136833E-03
  2.9336024E-06  -4.6370916E-06   5.5572994E-07   2.8588238E-04   1.6638520E-03  -1.7107608E-04   1.0343139E-03  -4.6686721E-03   6.3574665E-04   1.0527808E-04   5.7836030E-06  -7.5113004E-06   1.7397859E-04  -4.9212721E-01   8.0345197E-02  -7.3158583E-02  -3.6241105E-01   1.0256935E+00   1.8977058E+00   7.7927061E-01   6.7671396E-02  -7.6006918E-03   4.7275203E-03   9.0851946E-02   9.0374423E-02   1.4151342E-05   1.4881481E-06   1.0042592E-05   6.6250249E-06  -1.8877304E-04  -5.9898952E-05   2.0270927E-04   6.0683725E-05  -1.8219004E-04  -2.1767614E-04  -8.3738268E-05  -1.4180438E-04   1.0559639E-05  -1.9257564E-05
  3.0572982E-05  -1.8973772E-04   1.1115620E-05   2.9346490E-03  -2.6960451E-03   2.4433316E-03   1.0198379E-02  -2.9456871E-02   5.4709625E-03   1.4464871E-03   2.4178977E-05  -6.0998834E-05   5.3349936E-04  -1.8948197E+00  -7.3158583E-02   3.6102220E+00  -2.8892619E+01  -4.1734670E+00   7.2760655E+00   6.7600774E+00  -2.4503214E+00  -1.4872042E-01   6.3835501E-02   2.1700359E+00   1.9838538E+00   2.7355080E-04   4.4126469E-04  -5.6611262E-04   3.6056080E-04   9.2010365E-04   3.1818853E-03  -1.8255291E-04   6.6143444E-05   1.5401288E-03   3.3477483E-04  -4.4192466E-03  -9.3027137E-03   1.8129716E-04  -3.8619709E-04
 -5.0609377E-04   2.7508778E-03  -1.9884198E-04  -5.9456598E-02  -7.7683604E-02   9.4801665E-03  -1.9832912E-01   6.1014489E-01  -1.0656228E-01  -2.9812499E-02   4.0479496E-03   4.5423799E-04   6.3417582E-04   4.2735643E+01  -3.6241105E-01  -2.8892619E+01   7.7082548E+02   7.1786646E+01  -5.5741268E+01  -7.1228756E+01   1.2848644E+01  -3.6130376E+00   2.7149140E+00  -1.1001120E+01  -1.5616999E+01  -2.3694673E-03  -6.4431347E-03   1.8190317E-03  -4.3750309E-03  -1.2223235E-02   5.7799156E-04  -3.3760370E-03  -8.4575045E-03  -1.7847727E-02  -1.0318710E-03  -8.5644529E-03   6.4215571E-02   6.0572411E-03   4.2507831E-03
 -2.5290614E-04   1.6534826E-03  -1.2365892E-04  -1.8849318E-02  -4.4823548E-02  -6.1292711E-03  -1.0339155E-01   2.9701466E-01  -3.2164947E-02  -9.0889396E-03   6.1387812E-04   1.3321528E-04  -4.4883354E-03   7.1552804E-01   1.0256935E+00  -4.1734670E+00   7.1786646E+01   5.9822929E+01   4.2669377E+01   1.5680603E+01  -3.5526382E+00  -2.5460106E-01  -9.6302725E-01   3.8886552E+00   4.0812616E+00  -1.1329603E-03  -1.9711290E-03  -2.2132140E-03  -1.6684794E-03  -6.5667023E-03  -3.2451113E-03   1.6931779E-03   2.3475978E-03  -2.4803932E-03   2.8759725E-03   2.2928877E-02   6.0349138E-02   1.3495328E-04   3.3450814E-04
 -2.8274401E-05   5.6624207E-04  -5.4213600E-05   3.4962479E-03   9.9830998E-03  -9.7758772E-03   8.5284551E-03  -4.5022402E-02   1.1847446E-02   1.8300709E-03   5.7142935E-04  -1.1582836E-04   6.5425242E-03  -2.1868805E+01   1.8977058E+00   7.2760655E+00  -5.5741268E+01   4.2669377E+01   9.7547891E+01   6.6340239E+01  -1.0781942E+01  -7.4563208E-01  -3.2997978E-01   4.1182725E+00   4.7871182E+00   6.7777463E-04   1.4432225E-04  -2.8794354E-03   3.0659763E-04  -5.9734656E-03   3.4522214E-03   2.8091408E-03   1.3348302E-03   2.0760643E-03   1.5250321E-03   7.7556667E-03   1.5928527E-02   8.7578755E-04  -2.5553426E-03
  5.5326807E-05   5.7741737E-05  -1.7425445E-06   1.2995265E-02   3.5379087E-02  -1.1535250E-02   5.5922573E-02  -1.5020653E-01   3.1924699E-02   6.1138550E-03   1.1845861E-03   6.1518761E-04   2.0621561E-03  -6.1397837E+01   7.7927061E-01   6.7600774E+00  -7.1228756E+01   1.5680603E+01   6.6340239E+01   1.2119889E+02  -9.6305985E+00  -5.5881839E-01  -3.1968575E-01  -7.4128250E-01   1.4855924E+01   1.4676968E-03   4.3300339E-04  -8.7863070E-04   1.1886488E-03  -2.3293546E-04  -2.2839007E-03  -5.4419461E-04  -1.7806086E-03   1.2412301E-02   4.6304413E-03   2.1626573E-02   4.0736399E-02   7.5428187E-04  -7.5661994E-03
 -4.5554106E-05   1.9067956E-04  -9.8330147E-06  -5.4705252E-03   6.6624872E-03  -2.4037089E-03  -1.1222604E-03   3.0759988E-02  -1.1352773E-02  -2.7217922E-03  -7.1197856E-05   2.9186717E-05  -2.3005241E-03   5.8498463E-01   6.7671396E-02  -2.4503214E+00   1.2848644E+01  -3.5526382E+00  -1.0781942E+01  -9.6305985E+00   5.4342254E+00   1.2310016E-01  -6.9351900E-02  -1.6430975E+00  -1.4069200E+00  -4.5986992E-04  -4.9543793E-04   5.1341147E-05  -4.9643876E-04   4.3636767E-04  -1.9462831E-04   1.7433096E-03  -1.1154981E-04  -1.4147300E-03  -1.5937270E-03  -4.8572783E-04  -3.4497121E-03  -1.1526517E-04   1.7998674E-04
 -1.0377298E-06  -5.8289652E-05  -1.4915833E-06  -5.1906625E-04   9.9870237E-04   3.1250488E-05  -6.9875811E-04   1.4314957E-02  -1.5128841E-03   2.4460407E-04  -5.4037247E-05  -3.1987393E-06  -2.9147442E-04   1.0748903E-01  -7.6006918E-03  -1.4872042E-01  -3.6130376E+00  -2.5460106E-01  -7.4563208E-01  -5.5881839E-01   1.2310016E-01   3.4476098E+00   4.5711384E-01   1.4946544E-01   1.6164242E-01  -8.9892862E-05   7.8549391E-05  -5.5737488E-05   6.4878232E-05   5.1398184E-05  -2.4712089E-03  -1.0746838E-03   5.8344630E-06   7.2062234E-04  -1.9851631E-04   5.9600705E-04   4.1952619E-03   2.8970184E-04   7.1472092E-06
 -7.7787350E-06  -5.5233897E-06  -7.0918914E-07  -9.0200006E-04   3.3314692E-03  -2.5267351E-04  -3.5506487E-03  -2.5873469E-03  -2.4449481E-03  -2.6130553E-04  -4.8757606E-05   1.6500227E-06   5.6295386E-04   1.0753322E-01   4.7275203E-03   6.3835501E-02   2.7149140E+00  -9.6302725E-01  -3.2997978E-01  -3.1968575E-01  -6.9351900E-02   4.5711384E-01   3.3806359E+00   2.4885483E+00   1.5129835E+00  -5.4965475E-05   8.1277915E-05   3.7748468E-04   7.2954018E-05   5.8017398E-04   8.8609539E-04   4.0160063E-04  -5.2941427E-04  -1.1428840E-03   8.7918980E-04  -1.7188331E-03   5.3015954E-03  -3.0820058E-04  -2.5207167E-04
 -1.4486632E-05   2.8898998E-05  -3.2890654E-07  -2.3527272E-03   1.7695624E-03  -1.1392423E-03  -4.8369838E-03   4.9394750E-02  -5.2383031E-03  -9.5037511E-04  -8.4938493E-05  -2.3844619E-04   7.2845173E-04  -1.9993987E+00   9.0851946E-02   2.1700359E+00  -1.1001120E+01   3.8886552E+00   4.1182725E+00  -7.4128250E-01  -1.6430975E+00   1.4946544E-01   2.4885483E+00   1.7088119E+01   2.5589540E+01  -4.6288601E-05   9.0213040E-06  -1.3002949E-03  -1.4678047E-05   1.9107490E-04  -5.5287718E-03   1.6174810E-03   1.2636763E-03  -5.3422689E-05   2.0966950E-03  -7.6014196E-03   1.0717909E-03  -3.5039266E-05   2.5042159E-03
 -7.8272356E-07  -7.6580823E-06   5.7282833E-06  -5.3639986E-04   4.3087670E-02  -5.8933291E-03   8.0863463E-03   4.4876082E-02   2.1974762E-04  -9.4798275E-05   5.9603043E-04  -3.0349376E-04  -2.0697450E-03  -1.8324564E+01   9.0374423E-02   1.9838538E+00  -1.5616999E+01   4.0812616E+00   4.7871182E+00   1.4855924E+01  -1.4069200E+00   1.6164242E-01   1.5129835E+00   2.5589540E+01   5.4333085E+01   3.7168299E-04   7.6125473E-05  -1.4265255E-03   1.7974092E-04  -1.4861743E-04  -1.8821803E-02   2.7381194E-03   1.9421294E-03   4.4302940E-03   6.0522074E-03  -7.2486119E-03   2.2450910E-03   5.6982614E-05   4.5559480E-03
  3.9250778E-08  -6.8879000E-07   4.4699733E-08   3.5728192E-06  -8.2602974E-06   8.8399202E-06   2.3539624E-05   2.1208387E-05   6.8840676E-06   3.3611157E-06   8.9707551E-07  -1.7184790E-08  -6.8601952E-07  -1.0570448E-03   1.4151342E-05   2.7355080E-04  -2.3694673E-03  -1.1329603E-03   6.7777463E-04   1.4676968E-03  -4.5986992E-04  -8.9892862E-05  -5.4965475E-05  -4.6288601E-05   3.7168299E-04   3.2059786E-05   8.4672986E-06   1.4760618E-06   3.3804713E-06   5.4881391E-07   2.3344138E-06   2.2741872E-06  -2.5163330E-06  -2.2704649E-06  -4.7061642E-06   8.2576650E-09  -1.0626891E-05  -8.0476721E-10  -1.5297340E-07
  6.6107771E-08  -9.3794264E-07   7.2777367E-08   3.4491898E-06  -6.3271325E-06   6.3003243E-06   5.4532319E-05  -1.0937510E-04   4.9746714E-06   3.9755134E-06   4.5027637E-07   5.8998047E-08   3.1552928E-06  -5.7727084E-04   1.4881481E-06   4.4126469E-04  -6.4431347E-03  -1.9711290E-03   1.4432225E-04   4.3300339E-04  -4.9543793E-04   7.8549391E-05   8.1277915E-05   9.0213040E-06   7.6125473E-05   8.4672986E-06   2.4641241E-05  -7.5571336E-07   1.2231713E-05   1.3262041E-06   5.9720790E-06   2.4279497E-06  -3.9527501E-07  -1.0431663E-07  -4.0119937E-06  -7.6862986E-06  -2.0530325E-05  -4.8591476E-08  -1.1815377E-07
  7.2699490E-08  -5.6992637E-07  -1.2157525E-08   1.6801883E-06  -1.5415128E-06   7.0517501E-05  -2.3499765E-04   2.6665074E-04   4.1796263E-06   1.6096178E-06   1.1727446E-06   1.2372551E-06  -8.5659415E-06   1.0651628E-04   1.0042592E-05  -5.6611262E-04   1.8190317E-03  -2.2132140E-03  -2.8794354E-03  -8.7863070E-04   5.1341147E-05  -5.5737488E-05   3.7748468E-04  -1.3002949E-03  -1.4265255E-03   1.4760618E-06  -7.5571336E-07   1.0554406E-03  -1.0411432E-06   1.0360648E-06   6.4736004E-05   2.4455108E-06   3.1261917E-06  -2.5408234E-05  -5.0078248E-06   1.0552926E-05  -1.5808236E-05  -1.8286813E-07   6.9837227E-08
  7.6230928E-08  -1.0676794E-06   1.2507943E-07   4.2056994E-06   1.9470433E-05   5.7415337E-06   7.0147003E-05  -2.3958953E-04   7.9510175E-06   4.5146362E-06   1.3050206E-06   1.6039801E-07   4.1011479E-06  -7.7255257E-04   6.6250249E-06   3.6056080E-04  -4.3750309E-03  -1.6684794E-03   3.0659763E-04   1.1886488E-03  -4.9643876E-04   6.4878232E-05   7.2954018E-05  -1.4678047E-05   1.7974092E-04   3.3804713E-06   1.2231713E-05  -1.0411432E-06   4.7422129E-05   3.1715724E-06   7.4457661E-06   8.3203130E-07  -2.5234726E-07   1.0908061E-06  -3.4567967E-07  -1.5501163E-05  -3.6065925E-05  -3.1509452E-08  -1.0125216E-07
  9.5048539E-08   9.5583711E-08  -5.9291088E-08   1.1044621E-07   5.8968640E-05  -7.1309187E-05   1.7252563E-04   6.8091642E-04   2.8737335E-06  -3.4902677E-07   1.4740344E-06  -1.6825677E-06   3.5864850E-05  -4.5444689E-04  -1.8877304E-04   9.2010365E-04  -1.2223235E-02  -6.5667023E-03  -5.9734656E-03  -2.3293546E-04   4.3636767E-04   5.1398184E-05   5.8017398E-04   1.9107490E-04  -1.4861743E-04   5.4881391E-07   1.3262041E-06   1.0360648E-06   3.1715724E-06   2.2075233E-03   3.4077649E-05  -3.2228260E-06  -5.1522197E-06  -5.8536283E-07  -3.0525623E-05  -1.9297782E-05  -1.8484473E-04  -2.5167616E-07  -4.2000495E-07
  2.3724432E-07   3.1612416E-07  -2.8591515E-07   7.8516239E-09  -1.2080481E-04  -5.8497479E-06   5.4523750E-04  -1.0842745E-04   3.1241731E-07  -1.1640614E-07   1.6447437E-06   6.2800850E-06  -7.1482121E-05   7.5229867E-03  -5.9898952E-05   3.1818853E-03   5.7799156E-04  -3.2451113E-03   3.4522214E-03  -2.2839007E-03  -1.9462831E-04  -2.4712089E-03   8.8609539E-04  -5.5287718E-03  -1.8821803E-02   2.3344138E-06   5.9720790E-06   6.4736004E-05   7.4457661E-06   3.4077649E-05   1.6984724E-02   2.1358521E-05  -8.7666768E-07  -1.3647711E-04  -5.7536112E-05  -3.1423047E-04  -5.1811161E-04  -9.6276053E-08  -2.0168793E-06
 -5.9767941E-08   1.3187248E-06  -1.1139752E-07  -5.6230374E-06  -1.3634652E-04   1.7650443E-05  -5.7240417E-05  -2.4388656E-04  -8.9954466E-06  -4.3178636E-06  -4.1211543E-07  -1.7010065E-07  -3.6237353E-05  -1.4208488E-03   2.0270927E-04  -1.8255291E-04  -3.3760370E-03   1.6931779E-03   2.8091408E-03  -5.4419461E-04   1.7433096E-03  -1.0746838E-03   4.0160063E-04   1.6174810E-03   2.7381194E-03   2.2741872E-06   2.4279497E-06   2.4455108E-06   8.3203130E-07  -3.2228260E-06   2.1358521E-05   1.4024418E-03   2.8325351E-04   8.9251981E-05  -4.0090948E-04  -2.4381905E-04  -2.3258522E-04  -2.2992673E-07   2.6693532E-08
 -8.4350029E-08   1.1361468E-07  -5.5669991E-08  -7.9775388E-06   4.3978676E-05  -2.2531407E-05   1.5271961E-04  -1.0794341E-04  -1.5953397E-05   1.0626336E-07   1.8000426E-07  -6.2310559E-07  -5.8364438E-06   9.8730198E-04   6.0683725E-05   6.6143444E-05  -8.4575045E-03   2.3475978E-03   1.3348302E-03  -1.7806086E-03  -1.1154981E-04   5.8344630E-06  -5.2941427E-04   1.2636763E-03   1.9421294E-03  -2.5163330E-06  -3.9527501E-07   3.1261917E-06  -2.5234726E-07  -5.1522197E-06  -8.7666768E-07   2.8325351E-04   8.5815925E-04   3.0795907E-05   7.8212452E-04   1.1614224E-04  -5.3361050E-04  -5.3075453E-07   2.0538122E-07
 -1.1802581E-07  -5.6510093E-07   2.6241346E-07  -4.6735119E-06   6.7450269E-05  -5.1818568E-05  -1.3486591E-04   1.0643963E-03  -8.5803245E-06   4.2883979E-06   1.9523582E-06  -1.6793205E-06  -1.7348232E-05  -7.0211193E-03  -1.8219004E-04   1.5401288E-03  -1.7847727E-02  -2.4803932E-03   2.0760643E-03   1.2412301E-02  -1.4147300E-03   7.2062234E-04  -1.1428840E-03  -5.3422689E-05   4.4302940E-03  -2.2704649E-06  -1.0431663E-07  -2.5408234E-05   1.0908061E-06  -5.8536283E-07  -1.3647711E-04   8.9251981E-05   3.0795907E-05   7.2193024E-03  -2.7668974E-04   1.6922639E-03   6.0805552E-03   1.7694899E-08  -6.7240828E-07
 -3.6272597E-07   2.3042898E-06  -4.6062098E-07  -2.3824020E-05  -4.6415889E-06  -5.7644488E-05  -9.8089860E-05   1.9417464E-04  -4.0157193E-05  -3.9581889E-06   1.9802942E-06  -1.0210738E-06   9.7566571E-07   6.1414173E-04  -2.1767614E-04   3.3477483E-04  -1.0318710E-03   2.8759725E-03   1.5250321E-03   4.6304413E-03  -1.5937270E-03  -1.9851631E-04   8.7918980E-04   2.0966950E-03   6.0522074E-03  -4.7061642E-06  -4.0119937E-06  -5.0078248E-06  -3.4567967E-07  -3.0525623E-05  -5.7536112E-05  -4.0090948E-04   7.8212452E-04  -2.7668974E-04   3.0242922E-03   1.1831135E-03  -7.2517782E-05  -4.5748501E-07   1.0964916E-06
 -1.4220136E-06   9.1724061E-06  -9.6945462E-07  -5.1197826E-05  -2.5594621E-04   9.9455242E-06  -8.8562631E-04   2.0644326E-03  -8.0003018E-05  -1.5749273E-05   2.3006129E-06  -3.6277351E-06   3.7022850E-06  -5.2890606E-03  -8.3738268E-05  -4.4192466E-03  -8.5644529E-03   2.2928877E-02   7.7556667E-03   2.1626573E-02  -4.8572783E-04   5.9600705E-04  -1.7188331E-03  -7.6014196E-03  -7.2486119E-03   8.2576650E-09  -7.6862986E-06   1.0552926E-05  -1.5501163E-05  -1.9297782E-05  -3.1423047E-04  -2.4381905E-04   1.1614224E-04   1.6922639E-03   1.1831135E-03   1.5855177E-02   1.9266163E-02  -8.8257674E-07  -1.9278374E-06
 -3.5619017E-06   2.5635791E-05  -2.7654864E-06  -2.0449890E-04  -1.9433121E-04   1.3248234E-04  -2.5910224E-03   3.0631741E-03  -3.2724223E-04  -4.9855948E-05   1.4151068E-05  -1.1694366E-05  -9.7480584E-05  -9.9832418E-03  -1.4180438E-04  -9.3027137E-03   6.4215571E-02   6.0349138E-02   1.5928527E-02   4.0736399E-02  -3.4497121E-03   4.1952619E-03   5.3015954E-03   1.0717909E-03   2.2450910E-03  -1.0626891E-05  -2.0530325E-05  -1.5808236E-05  -3.6065925E-05  -1.8484473E-04  -5.1811161E-04  -2.3258522E-04  -5.3361050E-04   6.0805552E-03  -7.2517782E-05   1.9266163E-02   7.9741065E-02  -1.8407293E-06  -7.2447480E-06
  4.8648868E-09  -1.9970384E-08   2.8242208E-09  -4.0366389E-08  -2.0897429E-06   2.2600911E-07   2.0309559E-06  -6.8572440E-06   9.5682798E-08  -1.0494978E-07  -8.0964687E-09   1.9584904E-08   4.3910096E-07  -3.1428405E-04   1.0559639E-05   1.8129716E-04   6.0572411E-03   1.3495328E-04   8.7578755E-04   7.5428187E-04  -1.1526517E-04   2.8970184E-04  -3.0820058E-04  -3.5039266E-05   5.6982614E-05  -8.0476721E-10  -4.8591476E-08  -1.8286813E-07  -3.1509452E-08  -2.5167616E-07  -9.6276053E-08  -2.2992673E-07  -5.3075453E-07   1.7694899E-08  -4.5748501E-07  -8.8257674E-07  -1.8407293E-06   5.9883106E-07  -5.9349144E-09
 -1.2772625E-08   6.9957063E-08  -5.3055830E-09  -1.7051817E-06   4.6972425E-06  -2.3925070E-06   1.6008731E-06   1.8943243E-05  -3.3856870E-06  -6.0184528E-07  -4.0625466E-08  -1.3862900E-07   7.8793367E-07   4.3136833E-03  -1.9257564E-05  -3.8619709E-04   4.2507831E-03   3.3450814E-04  -2.5553426E-03  -7.5661994E-03   1.7998674E-04   7.1472092E-06  -2.5207167E-04   2.5042159E-03   4.5559480E-03  -1.5297340E-07  -1.1815377E-07   6.9837227E-08  -1.0125216E-07  -4.2000495E-07  -2.0168793E-06   2.6693532E-08   2.0538122E-07  -6.7240828E-07   1.0964916E-06  -1.9278374E-06  -7.2447480E-06  -5.9349144E-09   2.0918832E-06
