  1.0000000E+00  -1.6777131E-04  -3.6831279E-01   1.2459713E-01   7.6038611E-02  -1.1004846E-01  -1.1577669E-02   1.6606286E-02   4.8478140E-02  -3.8574855E-02   3.8574856E-02   1.0024757E-01   8.3700688E-02  -2.5823356E-02  -2.6074148E-02  -2.5956843E-02  -2.5986865E-02   8.5274818E-01   8.5273449E-01  -9.9362188E-01  -1.0356996E-01  -7.2377874E-01  -4.0525670E-01  -3.7658403E-01  -1.3107095E-01   9.3859849E-01  -4.9053579E-01   5.5783884E-01  -6.2832791E-01   1.0024757E-01   1.0085865E-01  -1.8595590E-01  -2.1953079E-01  -3.7378932E-01   7.5176881E-02  -8.5715411E-02   5.6664209E-02  -2.5578705E-02  -2.5237931E-02  -4.2068554E-02
 -1.6777131E-04   1.0000000E+00   1.0760737E-01  -9.0911920E-02   5.1602343E-01   7.5997985E-03   2.4675227E-03  -4.6846467E-03   3.0922807E-01  -4.0832570E-01   4.0832570E-01   9.9494569E-01   9.3019081E-01   3.3328423E-02   3.3102423E-02   3.3204461E-02   3.3178849E-02   8.2625583E-03   8.2631095E-03  -3.8977304E-04  -4.9244752E-01   3.1580782E-01  -7.9701089E-01   1.1258432E-01  -6.3618867E-01   2.1983564E-01  -7.4750471E-01   7.4540421E-01   2.9461914E-02   9.9494569E-01   9.9269567E-01  -6.0875232E-01  -6.0864120E-01  -2.7327641E-01   5.6040022E-01  -3.7198013E-01   5.6563131E-01   3.3532530E-02   3.4019980E-02  -1.9107218E-02
 -3.6831279E-01   1.0760737E-01   1.0000000E+00   1.6000055E-02  -9.4875901E-02  -5.3441528E-02  -3.1047259E-02  -1.8934351E-03   7.7140209E-01   4.4520435E-01  -4.4520435E-01   7.0081364E-02   2.6636770E-01  -4.7282482E-02  -4.6898691E-02  -4.7073463E-02  -4.7062328E-02  -3.2039464E-01  -3.2038999E-01   3.6628654E-01  -7.3433545E-01   3.7547278E-01  -9.4596507E-02   9.9985798E-01  -6.2124171E-01  -2.8381118E-01  -4.7907303E-02  -1.5519304E-03   8.2153487E-01   7.0081359E-02   9.7286129E-02   2.3239774E-01   2.6468054E-01   8.2086237E-01   7.5579672E-01  -7.5861973E-01  -1.5566859E-01  -4.7632606E-02  -4.8421588E-02   1.8156708E-03
  1.2459713E-01  -9.0911920E-02   1.6000055E-02   1.0000000E+00   2.4631713E-01  -4.3410953E-01   3.7470627E-02   8.5174100E-03  -8.9637786E-02  -1.3669381E-01   1.3669381E-01  -7.7942603E-02  -1.4750572E-01   1.9769990E-02   1.9584934E-02   1.9669606E-02   1.9668082E-02   1.3322187E-01   1.3322087E-01  -1.2520724E-01   2.9921678E-02  -1.5158851E-01   4.8575911E-02   1.4105452E-02   3.2501157E-02   9.9504708E-02   2.9529912E-02  -1.1082217E-02  -4.1442508E-02  -7.7942594E-02  -8.3736178E-02   1.3675614E-01   1.3357726E-01   5.1071456E-02  -1.6076152E-02   4.5599228E-02   1.5901077E-01   1.9937221E-02   2.0297776E-02  -1.2351350E-01
  7.6038611E-02   5.1602343E-01  -9.4875901E-02   2.4631713E-01   1.0000000E+00  -2.7955830E-01   3.7201125E-02   3.3795909E-02  -2.7904708E-01  -4.8293627E-01   4.8293627E-01   5.2105936E-01   3.4046375E-01   2.5058062E-02   2.4977509E-02   2.5012186E-02   2.5001343E-02   6.5614009E-02   6.5612971E-02  -7.4679365E-02  -7.9136140E-02   1.1539273E-01  -4.8367355E-01  -9.4552977E-02  -2.9089069E-01   1.8833367E-01  -4.6070129E-01   4.5597774E-01  -1.2809427E-01   5.2105936E-01   5.2156351E-01  -3.6311370E-01  -3.6282037E-01  -4.5632507E-01   1.0399224E-01   9.9971225E-02   9.5157763E-01   2.5127920E-02   2.5373407E-02  -8.2838840E-02
 -1.1004846E-01   7.5997985E-03  -5.3441528E-02  -4.3410953E-01  -2.7955830E-01   1.0000000E+00  -5.3314631E-02  -1.4162829E-02  -7.5450402E-03  -4.1465781E-03   4.1465780E-03  -3.4889465E-03   1.0338609E-02   1.9696565E-02   1.9794691E-02   1.9748974E-02   1.9771335E-02  -1.1170347E-01  -1.1170231E-01   1.0889539E-01   6.9376643E-02   1.2062799E-01  -2.2296058E-03  -5.2044866E-02   3.5678017E-02  -9.9735931E-02   8.8835250E-03  -5.8038931E-02   1.2009665E-02  -3.4889424E-03  -4.9989339E-03  -9.5109854E-02  -9.3468072E-02  -8.9665418E-02  -9.5464313E-02   7.3578133E-02  -1.2305243E-01   1.9601789E-02   1.9487303E-02   1.3455968E-01
 -1.1577669E-02   2.4675227E-03  -3.1047259E-02   3.7470627E-02   3.7201125E-02  -5.3314631E-02   1.0000000E+00  -4.3054935E-02  -3.5492769E-02  -1.3805900E-02   1.3805898E-02   1.2925257E-03  -4.7589381E-03   1.0871567E-03   1.2653870E-03   1.1796380E-03   1.1895791E-03  -1.0870571E-02  -1.0870477E-02   1.1941279E-02   3.6152284E-02   1.0259325E-02   1.1647365E-02  -3.0758603E-02   3.1343905E-02  -1.2549163E-02   1.1999609E-02  -1.3396510E-02  -1.4289172E-02   1.2925263E-03   2.6829937E-05  -9.3143468E-03  -1.0487469E-02  -2.8202542E-02  -2.8439606E-02   3.7497056E-02   1.6018243E-02   9.1262172E-04   6.8716270E-04   6.7140019E-03
  1.6606286E-02  -4.6846467E-03  -1.8934351E-03   8.5174100E-03   3.3795909E-02  -1.4162829E-02  -4.3054935E-02   1.0000000E+00   5.9441725E-03   9.8473485E-03  -9.8473464E-03  -2.9935351E-03  -2.7603604E-03   1.2724354E-02   1.2759137E-02   1.2745510E-02   1.2739096E-02   1.2221484E-02   1.2221156E-02  -1.5859191E-02  -1.1805611E-02  -4.0044550E-03  -1.1807776E-02  -2.1442502E-03  -1.0968168E-02   1.5146309E-02  -1.2934615E-02   6.2284680E-03  -5.7015930E-03  -2.9935397E-03  -1.8115054E-03  -1.0831885E-02  -1.1772838E-02  -3.5964719E-03   6.3085267E-03  -1.2132971E-02   1.6720078E-03   1.2691277E-02   1.2558298E-02   5.1715309E-02
  4.8478140E-02   3.0922807E-01   7.7140209E-01  -8.9637786E-02  -2.7904708E-01  -7.5450402E-03  -3.5492769E-02   5.9441725E-03   1.0000000E+00   4.2796568E-01  -4.2796568E-01   3.1253826E-01   5.5451882E-01  -5.0439967E-02  -5.0064496E-02  -5.0235629E-02  -5.0233064E-02   4.2994678E-02   4.2993526E-02  -4.5170790E-02  -8.5513306E-01   1.3221871E-01  -3.9568627E-01   7.7020604E-01  -7.2545642E-01   1.5126255E-01  -3.7726248E-01   3.6180088E-01   5.0039063E-01   3.1253825E-01   3.3888642E-01  -2.1507449E-02  -9.6727896E-03   6.4469937E-01   9.1564589E-01  -9.0546055E-01  -3.3197273E-01  -5.0779024E-02  -5.1548164E-02   1.5104983E-02
 -3.8574855E-02  -4.0832570E-01   4.4520435E-01  -1.3669381E-01  -4.8293627E-01  -4.1465781E-03  -1.3805900E-02   9.8473485E-03   4.2796568E-01   1.0000000E+00  -1.0000000E+00  -4.1014225E-01  -1.2208588E-01  -2.3035223E-01  -2.2957242E-01  -2.2991367E-01  -2.2982592E-01  -2.7504505E-02  -2.7504921E-02   4.3557405E-02  -2.9042589E-01  -4.0346336E-02   2.2788240E-01   4.4038519E-01  -9.8135235E-02  -8.3664267E-02   2.1789542E-01  -1.9454234E-01   3.3024902E-01  -4.1014226E-01  -3.6781550E-01   3.5347807E-01   3.6149993E-01   5.1908180E-01   2.6772306E-01  -4.1555814E-01  -5.4515192E-01  -2.3105048E-01  -2.3323721E-01  -1.6688809E-02
  3.8574856E-02   4.0832570E-01  -4.4520435E-01   1.3669381E-01   4.8293627E-01   4.1465780E-03   1.3805898E-02  -9.8473464E-03  -4.2796568E-01  -1.0000000E+00   1.0000000E+00   4.1014225E-01   1.2208588E-01   2.3035222E-01   2.2957242E-01   2.2991367E-01   2.2982592E-01   2.7504505E-02   2.7504921E-02  -4.3557405E-02   2.9042589E-01   4.0346336E-02  -2.2788239E-01  -4.4038519E-01   9.8135236E-02   8.3664267E-02  -2.1789542E-01   1.9454233E-01  -3.3024902E-01   4.1014226E-01   3.6781550E-01  -3.5347807E-01  -3.6149993E-01  -5.1908180E-01  -2.6772306E-01   4.1555814E-01   5.4515192E-01   2.3105048E-01   2.3323721E-01   1.6688809E-02
  1.0024757E-01   9.9494569E-01   7.0081364E-02  -7.7942603E-02   5.2105936E-01  -3.4889465E-03   1.2925257E-03  -2.9935351E-03   3.1253826E-01  -4.1014225E-01   4.1014225E-01   1.0000000E+00   9.3390977E-01   3.0567493E-02   3.0317447E-02   3.0430751E-02   3.0402253E-02   9.3849214E-02   9.3848387E-02  -1.0016185E-01  -5.0036676E-01   2.4153907E-01  -8.3368962E-01   7.4202687E-02  -6.4614532E-01   3.1297712E-01  -7.9299608E-01   7.9766437E-01  -3.3779727E-02   1.0000000E+00   9.9782268E-01  -6.2435842E-01  -6.2761927E-01  -3.0943365E-01   5.6512608E-01  -3.7871337E-01   5.6847187E-01   3.0795138E-02   3.1314351E-02  -2.3235260E-02
  8.3700688E-02   9.3019081E-01   2.6636770E-01  -1.4750572E-01   3.4046375E-01   1.0338609E-02  -4.7589381E-03  -2.7603604E-03   5.5451882E-01  -1.2208588E-01   1.2208588E-01   9.3390977E-01   1.0000000E+00  -1.0327199E-02  -1.0283467E-02  -1.0303358E-02  -1.0310882E-02   8.1734070E-02   8.1733242E-02  -8.2290206E-02  -6.3179651E-01   2.5009214E-01  -7.9983733E-01   2.6931516E-01  -7.1502927E-01   2.9571785E-01  -7.5938820E-01   7.7916058E-01   1.0791541E-01   9.3390977E-01   9.4560768E-01  -5.2901978E-01  -5.2964249E-01  -1.0296914E-01   7.4682373E-01  -5.5021497E-01   3.6586470E-01  -1.0366187E-02  -1.0466268E-02  -1.4010910E-02
 -2.5823356E-02   3.3328423E-02  -4.7282482E-02   1.9769990E-02   2.5058062E-02   1.9696565E-02   1.0871567E-03   1.2724354E-02  -5.0439967E-02  -2.3035223E-01   2.3035222E-01   3.0567493E-02  -1.0327199E-02   1.0000000E+00   9.9990320E-01   9.9997313E-01   9.9997092E-01  -3.6180271E-02  -3.6180181E-02   2.4494654E-02   7.8368692E-02   1.1366593E-02   3.3768358E-02  -4.4416128E-02   6.3171812E-02  -3.7604732E-02   3.7019652E-02  -3.1901408E-02  -2.0907208E-02   3.0567493E-02   1.6406527E-02  -2.1506892E-02  -2.2586090E-02  -3.2788693E-02  -4.8830910E-02   8.4883481E-02   1.8560100E-02   9.9991401E-01   9.9946198E-01   5.4586849E-02
 -2.6074148E-02   3.3102423E-02  -4.6898691E-02   1.9584934E-02   2.4977509E-02   1.9794691E-02   1.2653870E-03   1.2759137E-02  -5.0064496E-02  -2.2957242E-01   2.2957242E-01   3.0317447E-02  -1.0283467E-02   9.9990320E-01   1.0000000E+00   9.9997831E-01   9.9997842E-01  -3.6306330E-02  -3.6306234E-02   2.4746384E-02   7.7952614E-02   1.1513169E-02   3.3624537E-02  -4.4038358E-02   6.2796681E-02  -3.7745802E-02   3.6909303E-02  -3.1725189E-02  -2.0672664E-02   3.0317448E-02   1.6287831E-02  -2.1319026E-02  -2.2388511E-02  -3.2508097E-02  -4.8466964E-02   8.4458800E-02   1.8486537E-02   9.9963481E-01   9.9891138E-01   5.4711574E-02
 -2.5956843E-02   3.3204461E-02  -4.7073463E-02   1.9669606E-02   2.5012186E-02   1.9748974E-02   1.1796380E-03   1.2745510E-02  -5.0235629E-02  -2.2991367E-01   2.2991367E-01   3.0430751E-02  -1.0303358E-02   9.9997313E-01   9.9997831E-01   1.0000000E+00   9.9999914E-01  -3.6247788E-02  -3.6247694E-02   2.4628612E-02   7.8141696E-02   1.1445217E-02   3.3691724E-02  -4.4210390E-02   6.2968572E-02  -3.7679912E-02   3.6960899E-02  -3.1807281E-02  -2.0779120E-02   3.0430751E-02   1.6340787E-02  -2.1404864E-02  -2.2478795E-02  -3.2635592E-02  -4.8633110E-02   8.4650719E-02   1.8517603E-02   9.9979104E-01   9.9919562E-01   5.4653172E-02
 -2.5986865E-02   3.3178849E-02  -4.7062328E-02   1.9668082E-02   2.5001343E-02   1.9771335E-02   1.1895791E-03   1.2739096E-02  -5.0233064E-02  -2.2982592E-01   2.2982592E-01   3.0402253E-02  -1.0310882E-02   9.9997092E-01   9.9997842E-01   9.9999914E-01   1.0000000E+00  -3.6273165E-02  -3.6273071E-02   2.4655869E-02   7.8148148E-02   1.1459276E-02   3.3712797E-02  -4.4198360E-02   6.2978416E-02  -3.7710583E-02   3.6983880E-02  -3.1825937E-02  -2.0766030E-02   3.0402254E-02   1.6317399E-02  -2.1401631E-02  -2.2475287E-02  -3.2625924E-02  -4.8632148E-02   8.4654166E-02   1.8507655E-02   9.9978651E-01   9.9918548E-01   5.4703402E-02
  8.5274818E-01   8.2625583E-03  -3.2039464E-01   1.3322187E-01   6.5614009E-02  -1.1170347E-01  -1.0870571E-02   1.2221484E-02   4.2994678E-02  -2.7504505E-02   2.7504505E-02   9.3849214E-02   8.1734070E-02  -3.6180271E-02  -3.6306330E-02  -3.6247788E-02  -3.6273165E-02   1.0000000E+00   1.0000000E+00  -8.5607664E-01  -9.4289475E-02  -8.8368492E-01  -3.6503204E-01  -3.2770470E-01  -1.2093538E-01   9.2286854E-01  -4.7465684E-01   5.8357589E-01  -7.5381995E-01   9.3849214E-02   9.4922719E-02  -1.9068713E-01  -2.2631523E-01  -3.6480415E-01   6.8916934E-02  -7.9042146E-02   4.6980322E-02  -3.6050557E-02  -3.5889767E-02  -5.9678691E-02
  8.5273449E-01   8.2631095E-03  -3.2038999E-01   1.3322087E-01   6.5612971E-02  -1.1170231E-01  -1.0870477E-02   1.2221156E-02   4.2993526E-02  -2.7504921E-02   2.7504921E-02   9.3848387E-02   8.1733242E-02  -3.6180181E-02  -3.6306234E-02  -3.6247694E-02  -3.6273071E-02   1.0000000E+00   1.0000000E+00  -8.5606536E-01  -9.4287433E-02  -8.8368903E-01  -3.6502677E-01  -3.2769990E-01  -1.2093328E-01   9.2286108E-01  -4.7465229E-01   5.8357273E-01  -7.5382247E-01   9.3848387E-02   9.4921850E-02  -1.9068583E-01  -2.2631385E-01  -3.6480149E-01   6.8915593E-02  -7.9040308E-02   4.6979663E-02  -3.6050473E-02  -3.5889690E-02  -5.9678771E-02
 -9.9362188E-01  -3.8977304E-04   3.6628654E-01  -1.2520724E-01  -7.4679365E-02   1.0889539E-01   1.1941279E-02  -1.5859191E-02  -4.5170790E-02   4.3557405E-02  -4.3557405E-02  -1.0016185E-01  -8.2290206E-02   2.4494654E-02   2.4746384E-02   2.4628612E-02   2.4655869E-02  -8.5607664E-01  -8.5606536E-01   1.0000000E+00   9.7832366E-02   7.4295380E-01   3.9906405E-01   3.7423068E-01   1.2590308E-01  -9.3659394E-01   4.8675852E-01  -5.5578391E-01   6.4129624E-01  -1.0016185E-01  -1.0048867E-01   1.8434366E-01   2.1835686E-01   3.7473376E-01  -7.1828786E-02   8.0170291E-02  -5.6314686E-02   2.4249001E-02   2.3900886E-02   4.1984162E-02
 -1.0356996E-01  -4.9244752E-01  -7.3433545E-01   2.9921678E-02  -7.9136140E-02   6.9376643E-02   3.6152284E-02  -1.1805611E-02  -8.5513306E-01  -2.9042589E-01   2.9042589E-01  -5.0036676E-01  -6.3179651E-01   7.8368692E-02   7.7952614E-02   7.8141696E-02   7.8148148E-02  -9.4289475E-02  -9.4287433E-02   9.7832366E-02   1.0000000E+00  -1.7580285E-01   6.4810194E-01  -7.3309367E-01   9.5320894E-01  -2.5818792E-01   6.2227715E-01  -5.5829404E-01  -4.3892093E-01  -5.0036676E-01  -5.2766130E-01   2.3516786E-01   2.2006022E-01  -4.3171975E-01  -9.1963722E-01   9.7668231E-01  -4.3228364E-02   7.8742409E-02   7.9642544E-02   2.3226046E-02
 -7.2377874E-01   3.1580782E-01   3.7547278E-01  -1.5158851E-01   1.1539273E-01   1.2062799E-01   1.0259325E-02  -4.0044550E-03   1.3221871E-01  -4.0346336E-02   4.0346336E-02   2.4153907E-01   2.5009214E-01   1.1366593E-02   1.1513169E-02   1.1445217E-02   1.1459276E-02  -8.8368492E-01  -8.8368903E-01   7.4295380E-01  -1.7580285E-01   1.0000000E+00  -4.4389458E-02   3.8238334E-01  -2.1074403E-01  -6.9911143E-01   6.8607077E-02  -2.6557340E-01   7.6127215E-01   2.4153908E-01   2.4719222E-01  -1.1475825E-01  -8.6342333E-02   2.3335445E-01   1.9295415E-01  -1.4054296E-01   1.5219201E-01   1.1224120E-02   1.0999151E-02   4.7961806E-02
 -4.0525670E-01  -7.9701089E-01  -9.4596507E-02   4.8575911E-02  -4.8367355E-01  -2.2296058E-03   1.1647365E-02  -1.1807776E-02  -3.9568627E-01   2.2788240E-01  -2.2788239E-01  -8.3368962E-01  -7.9983733E-01   3.3768358E-02   3.3624537E-02   3.3691724E-02   3.3712797E-02  -3.6503204E-01  -3.6502677E-01   3.9906405E-01   6.4810194E-01  -4.4389458E-02   1.0000000E+00  -9.3325057E-02   8.0939867E-01  -6.0919250E-01   9.9162821E-01  -9.0400411E-01   1.3951874E-01  -8.3368963E-01  -8.4706526E-01   7.3973097E-01   7.4606749E-01   3.6167369E-01  -6.2052009E-01   5.1504386E-01  -5.2682943E-01   3.3892704E-02   3.4143865E-02   2.3462452E-02
 -3.7658403E-01   1.1258432E-01   9.9985798E-01   1.4105452E-02  -9.4552977E-02  -5.2044866E-02  -3.0758603E-02  -2.1442502E-03   7.7020604E-01   4.4038519E-01  -4.4038519E-01   7.4202687E-02   2.6931516E-01  -4.4416128E-02  -4.4038358E-02  -4.4210390E-02  -4.4198360E-02  -3.2770470E-01  -3.2769990E-01   3.7423068E-01  -7.3309367E-01   3.8238334E-01  -9.3325057E-02   1.0000000E+00  -6.2039384E-01  -2.9107188E-01  -4.5835000E-02  -4.7198010E-03   8.2447120E-01   7.4202682E-02   1.0090196E-01   2.2871747E-01   2.6103829E-01   8.2124185E-01   7.5466517E-01  -7.5716176E-01  -1.5483798E-01  -4.4761618E-02  -4.5536815E-02   2.3348617E-03
 -1.3107095E-01  -6.3618867E-01  -6.2124171E-01   3.2501157E-02  -2.9089069E-01   3.5678017E-02   3.1343905E-02  -1.0968168E-02  -7.2545642E-01  -9.8135235E-02   9.8135236E-02  -6.4614532E-01  -7.1502927E-01   6.3171812E-02   6.2796681E-02   6.2968572E-02   6.2978416E-02  -1.2093538E-01  -1.2093328E-01   1.2590308E-01   9.5320894E-01  -2.1074403E-01   8.0939867E-01  -6.2039384E-01   1.0000000E+00  -3.2200299E-01   7.7919169E-01  -6.8322808E-01  -3.3650657E-01  -6.4614532E-01  -6.7030089E-01   4.3646115E-01   4.2117919E-01  -1.9988127E-01  -8.7201684E-01   8.6934447E-01  -2.8746502E-01   6.3509601E-02   6.4262141E-02   2.1174611E-02
  9.3859849E-01   2.1983564E-01  -2.8381118E-01   9.9504708E-02   1.8833367E-01  -9.9735931E-02  -1.2549163E-02   1.5146309E-02   1.5126255E-01  -8.3664267E-02   8.3664267E-02   3.1297712E-01   2.9571785E-01  -3.7604732E-02  -3.7745802E-02  -3.7679912E-02  -3.7710583E-02   9.2286854E-01   9.2286108E-01  -9.3659394E-01  -2.5818792E-01  -6.9911143E-01  -6.0919250E-01  -2.9107188E-01  -3.2200299E-01   1.0000000E+00  -6.9601486E-01   7.4491170E-01  -6.4988087E-01   3.1297712E-01   3.1768251E-01  -3.5551112E-01  -3.9067606E-01  -4.2449392E-01   2.3477880E-01  -2.1041446E-01   1.8192717E-01  -3.7459904E-02  -3.7290320E-02  -5.1545291E-02
 -4.9053579E-01  -7.4750471E-01  -4.7907303E-02   2.9529912E-02  -4.6070129E-01   8.8835250E-03   1.1999609E-02  -1.2934615E-02  -3.7726248E-01   2.1789542E-01  -2.1789542E-01  -7.9299608E-01  -7.5938820E-01   3.7019652E-02   3.6909303E-02   3.6960899E-02   3.6983880E-02  -4.7465684E-01  -4.7465229E-01   4.8675852E-01   6.2227715E-01   6.8607077E-02   9.9162821E-01  -4.5835000E-02   7.7919169E-01  -6.9601486E-01   1.0000000E+00  -9.1897525E-01   2.2837406E-01  -7.9299609E-01  -8.0560133E-01   7.3045164E-01   7.4222115E-01   3.9094983E-01  -5.9050691E-01   4.9456779E-01  -4.9968746E-01   3.7111522E-02   3.7313373E-02   2.8585867E-02
  5.5783884E-01   7.4540421E-01  -1.5519304E-03  -1.1082217E-02   4.5597774E-01  -5.8038931E-02  -1.3396510E-02   6.2284680E-03   3.6180088E-01  -1.9454234E-01   1.9454233E-01   7.9766437E-01   7.7916058E-01  -3.1901408E-02  -3.1725189E-02  -3.1807281E-02  -3.1825937E-02   5.8357589E-01   5.8357273E-01  -5.5578391E-01  -5.5829404E-01  -2.6557340E-01  -9.0400411E-01  -4.7198010E-03  -6.8322808E-01   7.4491170E-01  -9.1897525E-01   1.0000000E+00  -3.5128460E-01   7.9766437E-01   8.1156456E-01  -5.7717130E-01  -5.8882915E-01  -3.7671629E-01   5.8331610E-01  -4.5069045E-01   4.7996199E-01  -3.2056481E-02  -3.2368097E-02  -4.7117069E-02
 -6.2832791E-01   2.9461914E-02   8.2153487E-01  -4.1442508E-02  -1.2809427E-01   1.2009665E-02  -1.4289172E-02  -5.7015930E-03   5.0039063E-01   3.3024902E-01  -3.3024902E-01  -3.3779727E-02   1.0791541E-01  -2.0907208E-02  -2.0672664E-02  -2.0779120E-02  -2.0766030E-02  -7.5381995E-01  -7.5382247E-01   6.4129624E-01  -4.3892093E-01   7.6127215E-01   1.3951874E-01   8.2447120E-01  -3.3650657E-01  -6.4988087E-01   2.2837406E-01  -3.5128460E-01   1.0000000E+00  -3.3779729E-02  -1.6946377E-02   2.9164329E-01   3.2882121E-01   7.6697965E-01   4.6109698E-01  -4.7116330E-01  -1.6463367E-01  -2.1124828E-02  -2.1613927E-02   3.1740428E-02
  1.0024757E-01   9.9494569E-01   7.0081359E-02  -7.7942594E-02   5.2105936E-01  -3.4889424E-03   1.2925263E-03  -2.9935397E-03   3.1253825E-01  -4.1014226E-01   4.1014226E-01   1.0000000E+00   9.3390977E-01   3.0567493E-02   3.0317448E-02   3.0430751E-02   3.0402254E-02   9.3849214E-02   9.3848387E-02  -1.0016185E-01  -5.0036676E-01   2.4153908E-01  -8.3368963E-01   7.4202682E-02  -6.4614532E-01   3.1297712E-01  -7.9299609E-01   7.9766437E-01  -3.3779729E-02   1.0000000E+00   9.9782268E-01  -6.2435843E-01  -6.2761927E-01  -3.0943366E-01   5.6512607E-01  -3.7871336E-01   5.6847187E-01   3.0795138E-02   3.1314351E-02  -2.3235260E-02
  1.0085865E-01   9.9269567E-01   9.7286129E-02  -8.3736178E-02   5.2156351E-01  -4.9989339E-03   2.6829937E-05  -1.8115054E-03   3.3888642E-01  -3.6781550E-01   3.6781550E-01   9.9782268E-01   9.4560768E-01   1.6406527E-02   1.6287831E-02   1.6340787E-02   1.6317399E-02   9.4922719E-02   9.4921850E-02  -1.0048867E-01  -5.2766130E-01   2.4719222E-01  -8.4706526E-01   1.0090196E-01  -6.7030089E-01   3.1768251E-01  -8.0560133E-01   8.1156456E-01  -1.6946377E-02   9.9782268E-01   1.0000000E+00  -6.1842549E-01  -6.2109412E-01  -2.9453657E-01   5.9442250E-01  -4.0681034E-01   5.6775893E-01   1.6514733E-02   1.6789032E-02  -2.5140148E-02
 -1.8595590E-01  -6.0875232E-01   2.3239774E-01   1.3675614E-01  -3.6311370E-01  -9.5109854E-02  -9.3143468E-03  -1.0831885E-02  -2.1507449E-02   3.5347807E-01  -3.5347807E-01  -6.2435842E-01  -5.2901978E-01  -2.1506892E-02  -2.1319026E-02  -2.1404864E-02  -2.1401631E-02  -1.9068713E-01  -1.9068583E-01   1.8434366E-01   2.3516786E-01  -1.1475825E-01   7.3973097E-01   2.2871747E-01   4.3646115E-01  -3.5551112E-01   7.3045164E-01  -5.7717130E-01   2.9164329E-01  -6.2435843E-01  -6.1842549E-01   1.0000000E+00   9.9732847E-01   5.8141483E-01  -1.7791701E-01   1.1179723E-01  -4.3487645E-01  -2.1676540E-02  -2.2047908E-02  -1.4827909E-02
 -2.1953079E-01  -6.0864120E-01   2.6468054E-01   1.3357726E-01  -3.6282037E-01  -9.3468072E-02  -1.0487469E-02  -1.1772838E-02  -9.6727896E-03   3.6149993E-01  -3.6149993E-01  -6.2761927E-01  -5.2964249E-01  -2.2586090E-02  -2.2388511E-02  -2.2478795E-02  -2.2475287E-02  -2.2631523E-01  -2.2631385E-01   2.1835686E-01   2.2006022E-01  -8.6342333E-02   7.4606749E-01   2.6103829E-01   4.2117919E-01  -3.9067606E-01   7.4222115E-01  -5.8882915E-01   3.2882121E-01  -6.2761927E-01  -6.2109412E-01   9.9732847E-01   1.0000000E+00   6.0775048E-01  -1.6635635E-01   9.7974007E-02  -4.3473754E-01  -2.2764576E-02  -2.3154891E-02  -1.3000220E-02
 -3.7378932E-01  -2.7327641E-01   8.2086237E-01   5.1071456E-02  -4.5632507E-01  -8.9665418E-02  -2.8202542E-02  -3.5964719E-03   6.4469937E-01   5.1908180E-01  -5.1908180E-01  -3.0943365E-01  -1.0296914E-01  -3.2788693E-02  -3.2508097E-02  -3.2635592E-02  -3.2625924E-02  -3.6480415E-01  -3.6480149E-01   3.7473376E-01  -4.3171975E-01   2.3335445E-01   3.6167369E-01   8.2124185E-01  -1.9988127E-01  -4.2449392E-01   3.9094983E-01  -3.7671629E-01   7.6697965E-01  -3.0943366E-01  -2.9453657E-01   5.8141483E-01   6.0775048E-01   1.0000000E+00   4.5735872E-01  -5.5039610E-01  -5.5092464E-01  -3.3044993E-02  -3.3631519E-02   5.9608804E-03
  7.5176881E-02   5.6040022E-01   7.5579672E-01  -1.6076152E-02   1.0399224E-01  -9.5464313E-02  -2.8439606E-02   6.3085267E-03   9.1564589E-01   2.6772306E-01  -2.6772306E-01   5.6512608E-01   7.4682373E-01  -4.8830910E-02  -4.8466964E-02  -4.8633110E-02  -4.8632148E-02   6.8916934E-02   6.8915593E-02  -7.1828786E-02  -9.1963722E-01   1.9295415E-01  -6.2052009E-01   7.5466517E-01  -8.7201684E-01   2.3477880E-01  -5.9050691E-01   5.8331610E-01   4.6109698E-01   5.6512607E-01   5.9442250E-01  -1.7791701E-01  -1.6635635E-01   4.5735872E-01   1.0000000E+00  -9.0087350E-01   5.5574947E-02  -4.9159696E-02  -4.9896153E-02  -2.4201953E-02
 -8.5715411E-02  -3.7198013E-01  -7.5861973E-01   4.5599228E-02   9.9971225E-02   7.3578133E-02   3.7497056E-02  -1.2132971E-02  -9.0546055E-01  -4.1555814E-01   4.1555814E-01  -3.7871337E-01  -5.5021497E-01   8.4883481E-02   8.4458800E-02   8.4650719E-02   8.4654166E-02  -7.9042146E-02  -7.9040308E-02   8.0170291E-02   9.7668231E-01  -1.4054296E-01   5.1504386E-01  -7.5716176E-01   8.6934447E-01  -2.1041446E-01   4.9456779E-01  -4.5069045E-01  -4.7116330E-01  -3.7871336E-01  -4.0681034E-01   1.1179723E-01   9.7974007E-02  -5.5039610E-01  -9.0087350E-01   1.0000000E+00   1.5333341E-01   8.5264396E-02   8.6226423E-02   1.7757284E-02
  5.6664209E-02   5.6563131E-01  -1.5566859E-01   1.5901077E-01   9.5157763E-01  -1.2305243E-01   1.6018243E-02   1.6720078E-03  -3.3197273E-01  -5.4515192E-01   5.4515192E-01   5.6847187E-01   3.6586470E-01   1.8560100E-02   1.8486537E-02   1.8517603E-02   1.8507655E-02   4.6980322E-02   4.6979663E-02  -5.6314686E-02  -4.3228364E-02   1.5219201E-01  -5.2682943E-01  -1.5483798E-01  -2.8746502E-01   1.8192717E-01  -4.9968746E-01   4.7996199E-01  -1.6463367E-01   5.6847187E-01   5.6775893E-01  -4.3487645E-01  -4.3473754E-01  -5.5092464E-01   5.5574947E-02   1.5333341E-01   1.0000000E+00   1.8625531E-02   1.8871327E-02  -7.5950102E-02
 -2.5578705E-02   3.3532530E-02  -4.7632606E-02   1.9937221E-02   2.5127920E-02   1.9601789E-02   9.1262172E-04   1.2691277E-02  -5.0779024E-02  -2.3105048E-01   2.3105048E-01   3.0795138E-02  -1.0366187E-02   9.9991401E-01   9.9963481E-01   9.9979104E-01   9.9978651E-01  -3.6050557E-02  -3.6050473E-02   2.4249001E-02   7.8742409E-02   1.1224120E-02   3.3892704E-02  -4.4761618E-02   6.3509601E-02  -3.7459904E-02   3.7111522E-02  -3.2056481E-02  -2.1124828E-02   3.0795138E-02   1.6514733E-02  -2.1676540E-02  -2.2764576E-02  -3.3044993E-02  -4.9159696E-02   8.5264396E-02   1.8625531E-02   1.0000000E+00   9.9980385E-01   5.4455827E-02
 -2.5237931E-02   3.4019980E-02  -4.8421588E-02   2.0297776E-02   2.5373407E-02   1.9487303E-02   6.8716270E-04   1.2558298E-02  -5.1548164E-02  -2.3323721E-01   2.3323721E-01   3.1314351E-02  -1.0466268E-02   9.9946198E-01   9.9891138E-01   9.9919562E-01   9.9918548E-01  -3.5889767E-02  -3.5889690E-02   2.3900886E-02   7.9642544E-02   1.0999151E-02   3.4143865E-02  -4.5536815E-02   6.4262141E-02  -3.7290320E-02   3.7313373E-02  -3.2368097E-02  -2.1613927E-02   3.1314351E-02   1.6789032E-02  -2.2047908E-02  -2.3154891E-02  -3.3631519E-02  -4.9896153E-02   8.6226423E-02   1.8871327E-02   9.9980385E-01   1.0000000E+00   5.4357261E-02
 -4.2068554E-02  -1.9107218E-02   1.8156708E-03  -1.2351350E-01  -8.2838840E-02   1.3455968E-01   6.7140019E-03   5.1715309E-02   1.5104983E-02  -1.6688809E-02   1.6688809E-02  -2.3235260E-02  -1.4010910E-02   5.4586849E-02   5.4711574E-02   5.4653172E-02   5.4703402E-02  -5.9678691E-02  -5.9678771E-02   4.1984162E-02   2.3226046E-02   4.7961806E-02   2.3462452E-02   2.3348617E-03   2.1174611E-02  -5.1545291E-02   2.8585867E-02  -4.7117069E-02   3.1740428E-02  -2.3235260E-02  -2.5140148E-02  -1.4827909E-02  -1.3000220E-02   5.9608804E-03  -2.4201953E-02   1.7757284E-02  -7.5950102E-02   5.4455827E-02   5.4357261E-02   1.0000000E+00
