# omegabh2 omegach2 theta tau binw1 binw2 binw3 binw4 logA ns calPlanck alpha_JLA beta_JLA acib217 xi asz143 aps100 aps143 aps143217 aps217 aksz kgal100 kgal143 kgal143217 kgal217 galfEE100 galfEE100143 galfEE100217 galfEE143 galfEE143217 galfEE217 galfTE100 galfTE100143 galfTE100217 galfTE143 galfTE143217 galfTE217 cal0 cal2
  2.7369144E-08  -1.5732130E-07   2.2404880E-08   1.0950517E-06  -6.8686004E-07   8.4616270E-07   5.4974273E-06  -6.4306981E-06   1.9087967E-06   4.2300175E-07   7.5353896E-09   2.1349397E-09  -6.6892470E-08  -1.1520085E-04   2.9008505E-06   2.5571720E-05  -4.5563290E-04  -2.6582085E-04  -5.8805911E-05   2.0450649E-05  -4.7343617E-05   2.5447443E-07  -8.2696731E-06  -1.7336897E-05  -5.4863463E-06   5.4787991E-08   6.1201125E-08   1.5409195E-07   6.5944140E-08   1.1065987E-07   1.8608633E-07  -7.8793921E-09  -3.5671279E-08  -1.0337668E-08  -2.4031263E-07  -1.9340128E-06  -4.8508177E-06   4.9466532E-09  -1.0802945E-08
 -1.5732130E-07   2.2903209E-06  -1.9515698E-07  -1.0986855E-05  -1.0422221E-05  -1.7845231E-05  -6.9470385E-05   5.8167454E-05  -1.6617140E-05  -5.5984124E-06  -8.9938389E-08   3.4771993E-08   4.2202366E-07   3.7640387E-04  -9.7563131E-06  -9.6536038E-05   2.2531677E-03   1.5505907E-03   7.5780783E-04   3.6788875E-04   1.6715650E-04   2.6949625E-07  -6.0107673E-06   2.7930154E-05   1.9067745E-05  -7.2281970E-07  -8.2658120E-07  -9.7838491E-07  -9.0954213E-07   7.7208577E-08  -2.0695463E-06   9.2378511E-08   2.8264881E-07   2.2545228E-07   1.7552905E-06   1.2060116E-05   3.2091611E-05  -7.9909599E-10   2.9141222E-08
  2.2404880E-08  -1.9515698E-07   1.0401222E-07   1.2960439E-06  -5.7189491E-06   2.1508345E-06   2.5781046E-06   1.1282893E-05   2.2748318E-06   5.9530184E-07   2.6709610E-08   1.8667654E-09   1.4262572E-07  -5.0473366E-05   1.6432419E-06   8.8592478E-06  -2.2323809E-04  -1.0850299E-04  -4.4011660E-05   1.0230137E-06  -2.2376733E-05  -2.6875792E-06  -6.9140543E-06   2.1933345E-06   1.5420295E-05   6.8211916E-08   4.8689227E-08   1.2022377E-07   7.0465737E-08  -2.6584108E-07  -5.7453637E-07  -3.5568868E-09   9.7988988E-08   5.0191059E-08  -2.0796295E-07  -2.0797526E-06  -5.2082451E-06  -3.3553670E-09  -1.4224264E-09
  1.0950517E-06  -1.0986855E-05   1.2960439E-06   3.0666214E-04  -2.1955314E-05   4.1377475E-05   3.2215351E-04   1.9303892E-03   5.8013907E-04   3.7696502E-05  -3.6058056E-06  -1.1123747E-07   1.9091288E-06  -1.3737381E-02   3.9071627E-04   1.7931947E-03  -4.9469415E-02  -1.8834785E-02   7.0395573E-04   8.2155693E-03  -4.0673371E-03  -5.8385172E-04  -1.4080327E-03  -2.5524451E-03  -8.7073451E-04   3.6884114E-06   3.2256366E-06  -3.1741035E-06   3.3379303E-06  -5.4681999E-06   3.4206271E-05  -5.4458272E-06  -7.0849249E-07   5.3858797E-06  -1.3539683E-05  -7.6289895E-05  -2.2774490E-04   7.3394929E-08  -1.3014108E-06
 -6.8686004E-07  -1.0422221E-05  -5.7189491E-06  -2.1955314E-05   2.6139252E-01  -3.7960900E-02   4.7957109E-02  -1.4461258E-02  -1.2917452E-04   1.2628127E-06  -1.6402556E-05  -3.2588682E-04  -3.6157941E-03  -1.2883007E-02   1.0614511E-03   3.0382791E-03  -1.1199261E-01   4.8960238E-02   5.3965478E-02   1.0302565E-02   1.2432356E-02   5.2299864E-03  -8.6561395E-03  -1.3565262E-02   6.6934888E-03  -5.1123569E-05  -2.3177244E-05  -1.6222084E-04   7.2510976E-06  -3.5440220E-04  -2.5844956E-04   2.2612077E-04  -2.9049396E-05   5.9136409E-04  -9.6212317E-05   7.4117884E-05  -6.1827968E-04   6.2797886E-07  -6.6057614E-07
  8.4616270E-07  -1.7845231E-05   2.1508345E-06   4.1377475E-05  -3.7960900E-02   1.4109500E-02  -3.1566196E-02  -1.1277676E-02   3.8813859E-05   4.2280841E-05  -2.0116142E-06   1.6331870E-05   1.9471853E-04  -9.1967404E-03  -2.5874330E-04   2.7588069E-03  -2.1831355E-02  -1.9394066E-02  -1.0277741E-02   6.7399059E-03  -2.9207328E-03  -2.8397997E-03  -2.7991531E-03   3.5796849E-03   7.9105987E-03   1.8107468E-05   4.9473479E-06   3.5451488E-05   6.7361576E-07  -3.4756973E-06   1.3809304E-04  -7.9558482E-06   1.8777321E-05  -1.5912421E-04  -5.2222380E-05  -2.2532092E-04  -2.1877419E-04   3.9342347E-07   9.3221050E-07
  5.4974273E-06  -6.9470385E-05   2.5781046E-06   3.2215351E-04   4.7957109E-02  -3.1566196E-02   2.8370888E-01  -1.6656541E-01   5.6477290E-04   1.9143090E-04   4.0592767E-05  -8.2033419E-05  -4.3328854E-03  -2.4728492E-02   2.3995771E-03   9.7701518E-03  -2.2162282E-01  -5.4306935E-02   5.5652542E-02   2.2384976E-02  -1.7613332E-02   2.8566075E-03   2.0947799E-02   4.5420122E-03   1.8186041E-02  -6.6884964E-05  -1.6035766E-05  -2.4745071E-04   1.0994812E-05  -1.5415472E-04  -5.9137320E-04  -3.7680362E-05   2.0361299E-04   2.0075864E-04   5.5734099E-04   5.8549073E-04  -1.5173685E-03  -1.9528282E-06  -5.1633867E-06
 -6.4306981E-06   5.8167454E-05   1.1282893E-05   1.9303892E-03  -1.4461258E-02  -1.1277676E-02  -1.6656541E-01   1.3856888E+00   4.0670080E-03  -3.0134623E-05   4.5571198E-05  -5.1540248E-05   1.9756697E-03   1.2054798E-01  -4.3587245E-04  -3.0504515E-02   6.3378049E-01   2.0392334E-01  -1.8669912E-02  -1.3790334E-01   8.4387313E-03   2.1825007E-02   7.7546166E-04   6.7494904E-02   6.6257755E-02   7.2620814E-05   7.8354279E-05   8.0283442E-05   1.3463816E-04  -5.2206792E-05   7.7582898E-04  -1.4988633E-04  -5.1645440E-04  -3.5074263E-04  -1.1736630E-03  -4.4232978E-04   1.4289653E-03   1.7962197E-05   3.4542235E-05
  1.9087967E-06  -1.6617140E-05   2.2748318E-06   5.8013907E-04  -1.2917452E-04   3.8813859E-05   5.6477290E-04   4.0670080E-03   1.1349210E-03   6.1025637E-05   5.0520026E-06   1.2175309E-07   6.3756194E-06  -2.6656646E-02   8.0049099E-04   3.5313405E-03  -8.9087790E-02  -3.2184157E-02   6.8306556E-03   2.3908906E-02  -8.8950656E-03  -1.2375708E-03  -3.1950686E-03  -5.4593321E-03  -3.6462663E-04   7.0722908E-06   5.2688454E-06  -8.3042424E-06   6.1803731E-06  -9.1453423E-06   5.5045486E-05  -1.1522065E-05  -1.6630262E-06   1.9822679E-05  -2.2668257E-05  -1.1699819E-04  -3.5800047E-04   4.1794591E-07  -2.6984284E-06
  4.2300175E-07  -5.5984124E-06   5.9530184E-07   3.7696502E-05   1.2628127E-06   4.2280841E-05   1.9143090E-04  -3.0134623E-05   6.1025637E-05   2.3460139E-05   3.8771180E-07  -1.0833429E-07   7.2098944E-07  -5.4144561E-03   1.3953937E-04   1.0480051E-03  -2.8169409E-02  -7.9939066E-03   1.7097717E-03   5.2861450E-03  -2.5704402E-03   2.5596142E-04  -2.4516818E-04  -6.7252747E-04   3.5094332E-04   3.4275830E-06   3.6043232E-06   3.7771531E-06   3.8026020E-06  -9.0055239E-07   5.6287773E-06   3.6889581E-07  -4.1499641E-07   4.3405923E-07  -4.4348087E-06  -2.4728940E-05  -7.3041688E-05  -1.7250651E-07  -4.6802848E-07
  7.5353896E-09  -8.9938389E-08   2.6709610E-08  -3.6058056E-06  -1.6402556E-05  -2.0116142E-06   4.0592767E-05   4.5571198E-05   5.0520026E-06   3.8771180E-07   6.2077141E-06   7.8202280E-08   7.2223128E-07   8.3971492E-04  -8.3489701E-06   8.0059949E-05   3.2491472E-03   7.8680682E-04   7.2637419E-04   1.6342362E-03  -1.9533195E-04   9.0197976E-05   8.4694734E-05   5.5019870E-05   7.2537423E-04   9.4360853E-07   6.1584120E-07   5.2601707E-07   1.2152584E-06   1.0729499E-06  -1.5868839E-06  -1.9869081E-07  -2.0930905E-07   4.0025062E-06   4.9710559E-08   6.6741255E-06   1.5916962E-05   4.0449234E-09  -4.3755795E-08
  2.1349397E-09   3.4771993E-08   1.8667654E-09  -1.1123747E-07  -3.2588682E-04   1.6331870E-05  -8.2033419E-05  -5.1540248E-05   1.2175309E-07  -1.0833429E-07   7.8202280E-08   4.3815585E-05  -2.1441873E-05  -1.4134814E-04   1.3192669E-05  -1.6221331E-05  -7.3395448E-05  -9.2663179E-06   2.8516644E-04   5.3676207E-04  -1.6248323E-06  -1.8203707E-04  -6.2816919E-05  -2.4531051E-04  -3.0887311E-04   3.3034291E-07   8.4213304E-08   1.0798790E-06  -2.4752969E-07  -1.1107758E-07   1.4343587E-05   9.4436732E-07  -4.1883983E-07   2.9591315E-06   5.4750641E-07  -1.4939012E-06   6.0676847E-06   2.2207870E-08  -2.5405591E-08
 -6.6892470E-08   4.2202366E-07   1.4262572E-07   1.9091288E-06  -3.6157941E-03   1.9471853E-04  -4.3328854E-03   1.9756697E-03   6.3756194E-06   7.2098944E-07   7.2223128E-07  -2.1441873E-05   6.6204491E-03   1.4314717E-03  -1.8464464E-04  -1.2872956E-03   2.4635786E-02  -1.7462935E-03  -8.4949133E-03  -2.1886465E-03   7.1270953E-04  -2.0398902E-03  -1.7648179E-03  -1.7977564E-03  -9.9071152E-04   2.2238614E-06   4.8415370E-06   1.5648128E-05   7.7267676E-06   1.2686469E-05   3.3308758E-05  -4.8403244E-05  -2.8656310E-06  -1.5963308E-05   1.2323411E-05   1.6543714E-05   2.1563726E-04  -1.9764798E-08   4.7463751E-07
 -1.1520085E-04   3.7640387E-04  -5.0473366E-05  -1.3737381E-02  -1.2883007E-02  -9.1967404E-03  -2.4728492E-02   1.2054798E-01  -2.6656646E-02  -5.4144561E-03   8.3971492E-04  -1.4134814E-04   1.4314717E-03   4.2948864E+01  -5.2327474E-01  -1.6755403E+00   4.2073968E+01  -3.7555954E-01  -2.2109396E+01  -6.0609088E+01   3.5686386E-01   4.6389690E-02   1.5905344E-01  -1.8675372E+00  -1.7910427E+01  -6.5857558E-04  -2.9778093E-04  -7.6495341E-04   7.4600357E-06  -1.5544432E-03  -6.4887933E-03   2.1281489E-03   2.0464338E-03   3.2748870E-03  -2.6811283E-03   9.3575465E-05  -9.1933111E-03  -3.0253193E-04   4.3693233E-03
  2.9008505E-06  -9.7563131E-06   1.6432419E-06   3.9071627E-04   1.0614511E-03  -2.5874330E-04   2.3995771E-03  -4.3587245E-04   8.0049099E-04   1.3953937E-04  -8.3489701E-06   1.3192669E-05  -1.8464464E-04  -5.2327474E-01   7.9434171E-02  -5.9178315E-02  -5.3935112E-01   1.0167014E+00   1.9224280E+00   8.2229940E-01   5.7502189E-02  -6.9168744E-03  -3.9406828E-04   1.0878842E-01   1.2467824E-01   4.9393750E-06   2.5128164E-06  -8.1426997E-05   1.4773247E-06   2.5235134E-04  -2.3144270E-04   6.5803350E-05  -4.7940892E-05  -4.6187560E-05   9.8549788E-05  -1.6828955E-04  -7.3417991E-04   1.1714522E-05  -2.0241307E-05
  2.5571720E-05  -9.6536038E-05   8.8592478E-06   1.7931947E-03   3.0382791E-03   2.7588069E-03   9.7701518E-03  -3.0504515E-02   3.5313405E-03   1.0480051E-03   8.0059949E-05  -1.6221331E-05  -1.2872956E-03  -1.6755403E+00  -5.9178315E-02   3.4774677E+00  -2.7553133E+01  -3.5589148E+00   7.3048022E+00   6.2127244E+00  -2.2572662E+00  -1.4985840E-01   9.3605793E-03   2.2459613E+00   2.1107285E+00   1.7545077E-04   9.8870642E-05   3.2867566E-04   5.2959196E-05  -1.5879512E-03   2.1028369E-03   6.2385037E-04   6.5181977E-04   2.1631960E-05   9.3850696E-04  -5.9802108E-04  -4.7603273E-03   1.7045108E-04  -3.4299341E-04
 -4.5563290E-04   2.2531677E-03  -2.2323809E-04  -4.9469415E-02  -1.1199261E-01  -2.1831355E-02  -2.2162282E-01   6.3378049E-01  -8.9087790E-02  -2.8169409E-02   3.2491472E-03  -7.3395448E-05   2.4635786E-02   4.2073968E+01  -5.3935112E-01  -2.7553133E+01   7.5522810E+02   6.4695684E+01  -5.9431827E+01  -6.8945206E+01   1.1702976E+01  -4.0578878E+00   3.8560289E+00  -1.0335882E+01  -1.5645241E+01  -4.3361102E-03  -3.3906201E-03  -8.1897488E-03  -1.8557541E-03   6.4657489E-03  -5.2447040E-02  -2.4696558E-03  -2.4625449E-03  -1.1982078E-02  -4.0610345E-03   7.9606306E-03   2.5893741E-02   6.2334505E-03   4.0548363E-03
 -2.6582085E-04   1.5505907E-03  -1.0850299E-04  -1.8834785E-02   4.8960238E-02  -1.9394066E-02  -5.4306935E-02   2.0392334E-01  -3.2184157E-02  -7.9939066E-03   7.8680682E-04  -9.2663179E-06  -1.7462935E-03  -3.7555954E-01   1.0167014E+00  -3.5589148E+00   6.4695684E+01   5.9684990E+01   4.4697341E+01   1.8506832E+01  -4.1323207E+00  -1.9647685E-01  -9.3544840E-01   4.1488335E+00   4.3991386E+00  -1.1510045E-03  -1.3197993E-03  -4.0889382E-03  -9.3853962E-04   1.0828348E-03  -8.7900590E-04   2.4725739E-03   1.0982743E-03  -2.5029171E-03   4.8772570E-03   1.7646419E-02   4.2973774E-02   1.4437300E-04   1.7726510E-04
 -5.8805911E-05   7.5780783E-04  -4.4011660E-05   7.0395573E-04   5.3965478E-02  -1.0277741E-02   5.5652542E-02  -1.8669912E-02   6.8306556E-03   1.7097717E-03   7.2637419E-04   2.8516644E-04  -8.4949133E-03  -2.2109396E+01   1.9224280E+00   7.3048022E+00  -5.9431827E+01   4.4697341E+01   9.8664071E+01   6.6482695E+01  -1.0593571E+01  -6.3769088E-01  -5.3278584E-01   4.9476657E+00   6.0543633E+00   2.8035514E-04  -6.2999217E-04  -3.1349722E-03  -5.2604064E-04   3.4716322E-04   2.5061972E-03   3.3040407E-03   2.3897915E-04  -1.9995555E-03   9.4027634E-03   7.5722621E-03   5.2930710E-03   8.2154504E-04  -2.4961530E-03
  2.0450649E-05   3.6788875E-04   1.0230137E-06   8.2155693E-03   1.0302565E-02   6.7399059E-03   2.2384976E-02  -1.3790334E-01   2.3908906E-02   5.2861450E-03   1.6342362E-03   5.3676207E-04  -2.1886465E-03  -6.0609088E+01   8.2229940E-01   6.2127244E+00  -6.8945206E+01   1.8506832E+01   6.6482695E+01   1.1990638E+02  -9.1320548E+00  -2.6095963E-01  -4.3242844E-01  -7.5095118E-01   1.4575600E+01   9.3362918E-04   2.8384679E-05  -9.0151717E-04  -3.2366601E-05  -1.1561732E-03   1.1157697E-02  -4.2792345E-03  -2.9597008E-03  -3.5555213E-03   7.9118978E-03   1.3938024E-02   4.5698781E-02   7.4215242E-04  -7.6507739E-03
 -4.7343617E-05   1.6715650E-04  -2.2376733E-05  -4.0673371E-03   1.2432356E-02  -2.9207328E-03  -1.7613332E-02   8.4387313E-03  -8.8950656E-03  -2.5704402E-03  -1.9533195E-04  -1.6248323E-06   7.1270953E-04   3.5686386E-01   5.7502189E-02  -2.2572662E+00   1.1702976E+01  -4.1323207E+00  -1.0593571E+01  -9.1320548E+00   5.3044099E+00   6.6764801E-02  -6.4999485E-02  -1.7341154E+00  -1.5438630E+00  -3.7422273E-04  -3.2559514E-04  -1.9095973E-04  -2.2255448E-04   1.9106016E-03  -2.0243158E-03  -2.4691373E-04  -1.7053484E-04  -4.9735900E-04  -1.0152087E-03  -8.4368994E-04   8.9284041E-04  -1.0102021E-04   1.2546046E-04
  2.5447443E-07   2.6949625E-07  -2.6875792E-06  -5.8385172E-04   5.2299864E-03  -2.8397997E-03   2.8566075E-03   2.1825007E-02  -1.2375708E-03   2.5596142E-04   9.0197976E-05  -1.8203707E-04  -2.0398902E-03   4.6389690E-02  -6.9168744E-03  -1.4985840E-01  -4.0578878E+00  -1.9647685E-01  -6.3769088E-01  -2.6095963E-01   6.6764801E-02   3.4829663E+00   4.2530002E-01   1.2942287E-01   1.5144447E-01   1.0231458E-04   4.0583194E-05  -3.1747071E-04   8.7939464E-05  -5.6616236E-04   7.5650407E-04  -7.1931963E-04  -2.0981883E-04   3.2616145E-03  -5.3181911E-04   1.4397536E-03   4.6037996E-03   2.9685565E-04  -5.1214224E-06
 -8.2696731E-06  -6.0107673E-06  -6.9140543E-06  -1.4080327E-03  -8.6561395E-03  -2.7991531E-03   2.0947799E-02   7.7546166E-04  -3.1950686E-03  -2.4516818E-04   8.4694734E-05  -6.2816919E-05  -1.7648179E-03   1.5905344E-01  -3.9406828E-04   9.3605793E-03   3.8560289E+00  -9.3544840E-01  -5.3278584E-01  -4.3242844E-01  -6.4999485E-02   4.2530002E-01   3.3925005E+00   2.5827285E+00   1.7920285E+00   9.4018627E-05   8.7358395E-05   1.2173983E-05   1.9993270E-05  -8.7953826E-05  -2.2456454E-03   2.3440844E-04  -8.4306291E-04   7.9236040E-04  -2.8040528E-04   4.2227665E-03   7.3739096E-03  -3.0225712E-04  -2.1692418E-04
 -1.7336897E-05   2.7930154E-05   2.1933345E-06  -2.5524451E-03  -1.3565262E-02   3.5796849E-03   4.5420122E-03   6.7494904E-02  -5.4593321E-03  -6.7252747E-04   5.5019870E-05  -2.4531051E-04  -1.7977564E-03  -1.8675372E+00   1.0878842E-01   2.2459613E+00  -1.0335882E+01   4.1488335E+00   4.9476657E+00  -7.5095118E-01  -1.7341154E+00   1.2942287E-01   2.5827285E+00   1.7246306E+01   2.5897026E+01  -7.9779633E-05   6.3317976E-05   4.9539413E-04   9.7060842E-05  -1.6432301E-03  -1.0920086E-03   2.5691154E-03   1.4106874E-03  -2.5517923E-03   1.2455129E-03   1.6839670E-03   3.8410733E-03  -4.9733841E-05   2.5590131E-03
 -5.4863463E-06   1.9067745E-05   1.5420295E-05  -8.7073451E-04   6.6934888E-03   7.9105987E-03   1.8186041E-02   6.6257755E-02  -3.6462663E-04   3.5094332E-04   7.2537423E-04  -3.0887311E-04  -9.9071152E-04  -1.7910427E+01   1.2467824E-01   2.1107285E+00  -1.5645241E+01   4.3991386E+00   6.0543633E+00   1.4575600E+01  -1.5438630E+00   1.5144447E-01   1.7920285E+00   2.5897026E+01   5.4658955E+01   3.0083782E-04   1.5575644E-04   6.6211131E-04   1.2737570E-04  -1.4989529E-03  -1.2729489E-03   2.0648163E-03   2.1467553E-03  -4.4984334E-03   4.0860135E-03   4.6960917E-04   4.7665715E-03  -1.0141105E-06   4.6496574E-03
  5.4787991E-08  -7.2281970E-07   6.8211916E-08   3.6884114E-06  -5.1123569E-05   1.8107468E-05  -6.6884964E-05   7.2620814E-05   7.0722908E-06   3.4275830E-06   9.4360853E-07   3.3034291E-07   2.2238614E-06  -6.5857558E-04   4.9393750E-06   1.7545077E-04  -4.3361102E-03  -1.1510045E-03   2.8035514E-04   9.3362918E-04  -3.7422273E-04   1.0231458E-04   9.4018627E-05  -7.9779633E-05   3.0083782E-04   3.2084359E-05   8.6657134E-06  -1.1819750E-06   3.3948802E-06  -2.0737113E-06   4.7099923E-06  -1.7314260E-06  -1.5057328E-06   5.9568708E-06  -2.0053222E-06  -2.7069900E-06  -6.9431312E-06  -7.5073201E-08  -5.3054491E-08
  6.1201125E-08  -8.2658120E-07   4.8689227E-08   3.2256366E-06  -2.3177244E-05   4.9473479E-06  -1.6035766E-05   7.8354279E-05   5.2688454E-06   3.6043232E-06   6.1584120E-07   8.4213304E-08   4.8415370E-06  -2.9778093E-04   2.5128164E-06   9.8870642E-05  -3.3906201E-03  -1.3197993E-03  -6.2999217E-04   2.8384679E-05  -3.2559514E-04   4.0583194E-05   8.7358395E-05   6.3317976E-05   1.5575644E-04   8.6657134E-06   2.4905947E-05   1.8650932E-06   1.1997136E-05  -9.5101198E-07  -4.6303100E-06   1.2173244E-06  -5.1695764E-07  -1.5348744E-06  -1.9307629E-06  -5.0640597E-06  -1.1443746E-05  -6.1797776E-08  -2.5851219E-08
  1.5409195E-07  -9.7838491E-07   1.2022377E-07  -3.1741035E-06  -1.6222084E-04   3.5451488E-05  -2.4745071E-04   8.0283442E-05  -8.3042424E-06   3.7771531E-06   5.2601707E-07   1.0798790E-06   1.5648128E-05  -7.6495341E-04  -8.1426997E-05   3.2867566E-04  -8.1897488E-03  -4.0889382E-03  -3.1349722E-03  -9.0151717E-04  -1.9095973E-04  -3.1747071E-04   1.2173983E-05   4.9539413E-04   6.6211131E-04  -1.1819750E-06   1.8650932E-06   1.0462953E-03   4.2325545E-06   1.5378330E-05   2.1651083E-05  -1.3758754E-05  -2.9113940E-06   6.7681557E-06   2.3155422E-06   3.5334481E-05   9.5579089E-05  -1.3899075E-07  -2.6433972E-07
  6.5944140E-08  -9.0954213E-07   7.0465737E-08   3.3379303E-06   7.2510976E-06   6.7361576E-07   1.0994812E-05   1.3463816E-04   6.1803731E-06   3.8026020E-06   1.2152584E-06  -2.4752969E-07   7.7267676E-06   7.4600357E-06   1.4773247E-06   5.2959196E-05  -1.8557541E-03  -9.3853962E-04  -5.2604064E-04  -3.2366601E-05  -2.2255448E-04   8.7939464E-05   1.9993270E-05   9.7060842E-05   1.2737570E-04   3.3948802E-06   1.1997136E-05   4.2325545E-06   4.7365241E-05   4.3199825E-07   8.7601292E-06   6.7139395E-07  -1.2803734E-06  -4.0917186E-06  -4.1147188E-06  -9.5943371E-06  -1.3826923E-05  -3.9639229E-08   3.2306214E-08
  1.1065987E-07   7.7208577E-08  -2.6584108E-07  -5.4681999E-06  -3.5440220E-04  -3.4756973E-06  -1.5415472E-04  -5.2206792E-05  -9.1453423E-06  -9.0055239E-07   1.0729499E-06  -1.1107758E-07   1.2686469E-05  -1.5544432E-03   2.5235134E-04  -1.5879512E-03   6.4657489E-03   1.0828348E-03   3.4716322E-04  -1.1561732E-03   1.9106016E-03  -5.6616236E-04  -8.7953826E-05  -1.6432301E-03  -1.4989529E-03  -2.0737113E-06  -9.5101198E-07   1.5378330E-05   4.3199825E-07   2.1324274E-03   1.3472004E-04  -7.3187699E-06   4.6349075E-06   7.1877870E-06   1.3042886E-05   2.4344403E-05   1.9803449E-05  -5.9716754E-07  -1.6529614E-07
  1.8608633E-07  -2.0695463E-06  -5.7453637E-07   3.4206271E-05  -2.5844956E-04   1.3809304E-04  -5.9137320E-04   7.7582898E-04   5.5045486E-05   5.6287773E-06  -1.5868839E-06   1.4343587E-05   3.3308758E-05  -6.4887933E-03  -2.3144270E-04   2.1028369E-03  -5.2447040E-02  -8.7900590E-04   2.5061972E-03   1.1157697E-02  -2.0243158E-03   7.5650407E-04  -2.2456454E-03  -1.0920086E-03  -1.2729489E-03   4.7099923E-06  -4.6303100E-06   2.1651083E-05   8.7601292E-06   1.3472004E-04   1.6727378E-02  -9.6346609E-07   2.5384865E-05  -2.4232704E-04   2.3313564E-05  -1.3835790E-04  -4.1951998E-04  -2.6722587E-07  -1.6585021E-06
 -7.8793921E-09   9.2378511E-08  -3.5568868E-09  -5.4458272E-06   2.2612077E-04  -7.9558482E-06  -3.7680362E-05  -1.4988633E-04  -1.1522065E-05   3.6889581E-07  -1.9869081E-07   9.4436732E-07  -4.8403244E-05   2.1281489E-03   6.5803350E-05   6.2385037E-04  -2.4696558E-03   2.4725739E-03   3.3040407E-03  -4.2792345E-03  -2.4691373E-04  -7.1931963E-04   2.3440844E-04   2.5691154E-03   2.0648163E-03  -1.7314260E-06   1.2173244E-06  -1.3758754E-05   6.7139395E-07  -7.3187699E-06  -9.6346609E-07   1.4561327E-03   2.9982111E-04   8.0532042E-05  -4.1516266E-04  -2.4243288E-04  -2.2856257E-04  -1.3360170E-07   3.5597201E-07
 -3.5671279E-08   2.8264881E-07   9.7988988E-08  -7.0849249E-07  -2.9049396E-05   1.8777321E-05   2.0361299E-04  -5.1645440E-04  -1.6630262E-06  -4.1499641E-07  -2.0930905E-07  -4.1883983E-07  -2.8656310E-06   2.0464338E-03  -4.7940892E-05   6.5181977E-04  -2.4625449E-03   1.0982743E-03   2.3897915E-04  -2.9597008E-03  -1.7053484E-04  -2.0981883E-04  -8.4306291E-04   1.4106874E-03   2.1467553E-03  -1.5057328E-06  -5.1695764E-07  -2.9113940E-06  -1.2803734E-06   4.6349075E-06   2.5384865E-05   2.9982111E-04   8.5034935E-04   6.5648322E-05   7.3512693E-04   3.7746114E-05  -6.4534379E-04  -3.5857806E-07   6.4878543E-07
 -1.0337668E-08   2.2545228E-07   5.0191059E-08   5.3858797E-06   5.9136409E-04  -1.5912421E-04   2.0075864E-04  -3.5074263E-04   1.9822679E-05   4.3405923E-07   4.0025062E-06   2.9591315E-06  -1.5963308E-05   3.2748870E-03  -4.6187560E-05   2.1631960E-05  -1.1982078E-02  -2.5029171E-03  -1.9995555E-03  -3.5555213E-03  -4.9735900E-04   3.2616145E-03   7.9236040E-04  -2.5517923E-03  -4.4984334E-03   5.9568708E-06  -1.5348744E-06   6.7681557E-06  -4.0917186E-06   7.1877870E-06  -2.4232704E-04   8.0532042E-05   6.5648322E-05   7.1956244E-03  -2.3315492E-04   1.9177959E-03   5.9440452E-03  -5.7083008E-07   3.1181700E-07
 -2.4031263E-07   1.7552905E-06  -2.0796295E-07  -1.3539683E-05  -9.6212317E-05  -5.2222380E-05   5.5734099E-04  -1.1736630E-03  -2.2668257E-05  -4.4348087E-06   4.9710559E-08   5.4750641E-07   1.2323411E-05  -2.6811283E-03   9.8549788E-05   9.3850696E-04  -4.0610345E-03   4.8772570E-03   9.4027634E-03   7.9118978E-03  -1.0152087E-03  -5.3181911E-04  -2.8040528E-04   1.2455129E-03   4.0860135E-03  -2.0053222E-06  -1.9307629E-06   2.3155422E-06  -4.1147188E-06   1.3042886E-05   2.3313564E-05  -4.1516266E-04   7.3512693E-04  -2.3315492E-04   2.9624982E-03   1.1465439E-03  -2.4308138E-04  -3.4301924E-08   9.7860724E-08
 -1.9340128E-06   1.2060116E-05  -2.0797526E-06  -7.6289895E-05   7.4117884E-05  -2.2532092E-04   5.8549073E-04  -4.4232978E-04  -1.1699819E-04  -2.4728940E-05   6.6741255E-06  -1.4939012E-06   1.6543714E-05   9.3575465E-05  -1.6828955E-04  -5.9802108E-04   7.9606306E-03   1.7646419E-02   7.5722621E-03   1.3938024E-02  -8.4368994E-04   1.4397536E-03   4.2227665E-03   1.6839670E-03   4.6960917E-04  -2.7069900E-06  -5.0640597E-06   3.5334481E-05  -9.5943371E-06   2.4344403E-05  -1.3835790E-04  -2.4243288E-04   3.7746114E-05   1.9177959E-03   1.1465439E-03   1.6149944E-02   1.9256410E-02   1.2553604E-07  -2.8171689E-06
 -4.8508177E-06   3.2091611E-05  -5.2082451E-06  -2.2774490E-04  -6.1827968E-04  -2.1877419E-04  -1.5173685E-03   1.4289653E-03  -3.5800047E-04  -7.3041688E-05   1.5916962E-05   6.0676847E-06   2.1563726E-04  -9.1933111E-03  -7.3417991E-04  -4.7603273E-03   2.5893741E-02   4.2973774E-02   5.2930710E-03   4.5698781E-02   8.9284041E-04   4.6037996E-03   7.3739096E-03   3.8410733E-03   4.7665715E-03  -6.9431312E-06  -1.1443746E-05   9.5579089E-05  -1.3826923E-05   1.9803449E-05  -4.1951998E-04  -2.2856257E-04  -6.4534379E-04   5.9440452E-03  -2.4308138E-04   1.9256410E-02   7.8718155E-02   6.1741419E-07  -6.8947332E-06
  4.9466532E-09  -7.9909599E-10  -3.3553670E-09   7.3394929E-08   6.2797886E-07   3.9342347E-07  -1.9528282E-06   1.7962197E-05   4.1794591E-07  -1.7250651E-07   4.0449234E-09   2.2207870E-08  -1.9764798E-08  -3.0253193E-04   1.1714522E-05   1.7045108E-04   6.2334505E-03   1.4437300E-04   8.2154504E-04   7.4215242E-04  -1.0102021E-04   2.9685565E-04  -3.0225712E-04  -4.9733841E-05  -1.0141105E-06  -7.5073201E-08  -6.1797776E-08  -1.3899075E-07  -3.9639229E-08  -5.9716754E-07  -2.6722587E-07  -1.3360170E-07  -3.5857806E-07  -5.7083008E-07  -3.4301924E-08   1.2553604E-07   6.1741419E-07   6.0387807E-07  -1.5761809E-08
 -1.0802945E-08   2.9141222E-08  -1.4224264E-09  -1.3014108E-06  -6.6057614E-07   9.3221050E-07  -5.1633867E-06   3.4542235E-05  -2.6984284E-06  -4.6802848E-07  -4.3755795E-08  -2.5405591E-08   4.7463751E-07   4.3693233E-03  -2.0241307E-05  -3.4299341E-04   4.0548363E-03   1.7726510E-04  -2.4961530E-03  -7.6507739E-03   1.2546046E-04  -5.1214224E-06  -2.1692418E-04   2.5590131E-03   4.6496574E-03  -5.3054491E-08  -2.5851219E-08  -2.6433972E-07   3.2306214E-08  -1.6529614E-07  -1.6585021E-06   3.5597201E-07   6.4878543E-07   3.1181700E-07   9.7860724E-08  -2.8171689E-06  -6.8947332E-06  -1.5761809E-08   2.1140826E-06
