  1.0000000E+00  -6.2836031E-01   4.1992316E-01   3.7798444E-01  -8.1206551E-03   4.3059349E-02   6.2386758E-02  -3.3021337E-02   3.4248869E-01   5.2789343E-01   1.8281391E-02   1.9495783E-03  -4.9693879E-03  -1.0625497E-01   6.2214420E-02   8.2889166E-02  -1.0021792E-01  -2.0798205E-01  -3.5785811E-02   1.1288997E-02  -1.2425455E-01   8.2421195E-04  -2.7139246E-02  -2.5234384E-02  -4.4856145E-03   5.8466632E-02   7.4127144E-02   2.8795339E-02   5.7918289E-02   1.4485130E-02   8.6970091E-03  -1.2481352E-03  -7.3941691E-03  -7.3664411E-04  -2.6688056E-02  -9.1990552E-02  -1.0450736E-01   3.8477445E-02  -4.4910779E-02   2.1857755E-01   2.8491833E-01  -2.8491833E-01  -5.5501814E-01   6.0350102E-02   7.8185327E-02  -3.5250988E-01  -1.4866850E-01  -8.0095584E-02  -1.0419010E-02   3.4320044E-01   3.4227996E-01  -2.6562080E-01  -1.5009137E-01   3.6560670E-01   4.0392108E-02   2.9208724E-01   4.8348922E-01   5.2789343E-01   9.9967755E-01   9.9967756E-01  -9.9992713E-01  -4.0588633E-01  -9.4321790E-01   3.6558663E-01   3.7732543E-01   3.2564497E-01   9.6523925E-01   2.1074388E-01   1.7052586E-01  -9.4211491E-01  -5.5501820E-01  -5.5501958E-01   6.1085113E-01   5.8747211E-01   3.2131489E-01   2.7843334E-01  -2.4505918E-01  -1.0922714E-02  -1.0338496E-01   1.4791835E-01  -5.6784088E-02   3.7588082E-02  -8.1495636E-03  -1.1789850E-02  -4.6470058E-02
 -6.2836031E-01   1.0000000E+00  -3.9984690E-01  -4.1456739E-01  -1.3469935E-02  -9.9270037E-02  -8.6181703E-02   3.2651191E-02  -3.2593072E-01  -7.6375036E-01  -2.3852345E-02   3.4710998E-03   3.4272430E-03   3.7951598E-02  -2.2873566E-02  -3.4206587E-02   5.4175919E-02   1.3262226E-01   5.0411707E-02   2.2199704E-02   4.7957502E-02   9.5417915E-05  -2.1563626E-03   4.4440313E-03   1.7041998E-03  -8.4320879E-02  -1.0944245E-01  -1.9986393E-02  -8.7326243E-02   1.1047913E-03  -1.0573361E-02   1.5996402E-03   6.4047223E-03   1.7561929E-03   2.1309427E-02   6.2707259E-02   7.5579827E-02  -6.7947918E-04   1.3243373E-02  -2.2623530E-01  -3.5327153E-01   3.5327153E-01   9.9585700E-01   6.1206875E-02   2.7168811E-02   5.9791238E-01   3.7481763E-01   2.5644506E-01   2.0163627E-01  -3.8051301E-01  -3.2675283E-01   5.5273125E-01   4.4034224E-01  -1.5474351E-01   1.1213990E-01  -1.3682933E-01  -2.6217939E-01  -7.6375036E-01  -6.2795254E-01  -6.2794901E-01   6.2822940E-01   3.5930484E-01   8.5097924E-01  -9.5377445E-01  -3.8014342E-01  -9.3355784E-01  -4.0489140E-01  -8.9285116E-01   6.5932148E-01   4.0494714E-01   9.9585701E-01   9.9585715E-01  -9.9905015E-01  -9.9789954E-01  -4.5862123E-01  -3.5379256E-01   2.9340828E-01  -1.6866931E-03   2.5152189E-01  -8.9958118E-02   6.2287434E-03   1.0639753E-01   2.3781670E-02  -2.0022099E-02   3.5229877E-02
  4.1992316E-01  -3.9984690E-01   1.0000000E+00   2.2948138E-01  -3.4683864E-02   5.6144732E-02   1.5007968E-02   2.9719770E-02   2.0937474E-01   3.8109193E-01   3.3239885E-02   8.7444651E-04   5.4351553E-03  -2.3880546E-02   1.8078219E-02   1.4730691E-02  -2.5187615E-02  -4.3547873E-02  -1.3738713E-02   2.8967973E-04  -3.0125617E-02  -4.4652364E-03  -1.1639401E-02   1.6376257E-03   6.4672529E-03   3.7339748E-02   3.0250961E-02   1.1524471E-02   3.1747237E-02  -1.7850187E-02  -1.3774042E-02  -2.8901966E-04   1.0419249E-02   1.8346361E-03  -1.1847173E-02  -5.0743916E-02  -5.7558806E-02  -1.3388232E-02  -3.0333787E-03   1.5676087E-01   2.0141382E-01  -2.0141382E-01  -3.7847353E-01   4.9098739E-02   5.5455574E-02  -2.4925111E-01  -1.0502425E-01  -5.8442259E-02  -4.8446495E-02   2.1320305E-01   2.0944111E-01  -1.5366180E-01  -1.4147532E-01   1.3742356E-01   6.4257821E-02   2.0501391E-01   2.8514017E-01   3.8109193E-01   4.1982528E-01   4.1982639E-01  -4.1986403E-01  -2.8167668E-01  -4.5412029E-01   3.1631982E-01   9.9883987E-01   1.8829431E-01   3.6007368E-01   2.5947061E-01  -1.0067194E-01  -1.4616463E-01  -3.7847353E-01  -3.7847370E-01   4.2606948E-01   4.2180708E-01   2.1903032E-01   1.6395603E-01  -1.6347346E-01  -2.3744500E-02  -5.6014280E-02   1.0194916E-01  -1.2361947E-02  -1.1084139E-02  -2.6639637E-03   1.1461397E-02  -1.5366610E-02
  3.7798444E-01  -4.1456739E-01   2.2948138E-01   1.0000000E+00  -2.4522402E-03   1.9891984E-02   3.4537932E-02   9.3644429E-02   9.8337511E-01   4.4443236E-01  -8.2643057E-02  -9.5963644E-04   1.3398661E-03  -1.1970107E-01   7.9164001E-02   5.4911816E-02  -1.0279397E-01  -1.3921884E-01   4.0470238E-03   4.2843648E-02  -1.0084667E-01  -1.7864787E-02  -4.3653864E-02  -3.5097669E-02  -6.7255068E-03   3.7184555E-02   3.6909132E-02  -5.6035579E-03   2.7696017E-02  -6.7620313E-03   1.5102948E-02  -8.1495438E-03  -1.3874153E-03   3.6257039E-03  -1.4205266E-02  -3.4280838E-02  -4.6353350E-02   5.3933841E-03  -5.1112055E-02   3.6811433E-02   8.9094352E-02  -8.9094352E-02  -3.9911667E-01  -7.9493353E-02   4.0582434E-01   3.8279802E-01   5.3827968E-01   6.1613826E-01   6.9191369E-01   9.9685466E-01   9.8327949E-01  -2.9592947E-01   1.1637036E-01  -2.8357265E-02  -1.7691229E-01  -4.5176139E-02   2.4161920E-01   4.4443236E-01   3.7760975E-01   3.7760908E-01  -3.7811603E-01  -7.6851901E-02  -4.3220529E-01   3.5025497E-01   2.1599730E-01   3.3220833E-01   3.0588273E-01   3.0236103E-01  -1.5988756E-01  -2.9332525E-01  -3.9911657E-01  -3.9911423E-01   4.1256378E-01   4.0777049E-01   9.0396551E-02   6.8488719E-02  -4.0237638E-02   1.2940301E-02   2.1630286E-01   3.7487308E-01  -1.6913381E-01   6.0204197E-01  -2.9255477E-02  -5.2085621E-03  -4.7845566E-03
 -8.1206551E-03  -1.3469935E-02  -3.4683864E-02  -2.4522402E-03   1.0000000E+00  -6.2507787E-01   1.7610430E-01  -2.4028500E-02  -7.4997618E-03   5.0994940E-04  -1.2876537E-02  -9.6295485E-02  -8.6918735E-02  -3.8449866E-03   7.3663057E-03   3.1867613E-03  -7.9708334E-03   1.2395509E-02   1.0626492E-02   1.8402534E-03   1.0558162E-02   5.4812467E-03  -9.1921629E-03  -6.3890097E-03   1.7708236E-03  -1.7653382E-02  -9.0837191E-03  -9.8091849E-03   2.0607595E-03  -1.5011107E-02  -3.9085466E-03   1.1590266E-02  -1.9484615E-03   1.3635596E-02  -3.4574432E-03   1.1407512E-03  -4.3102350E-03   1.5806067E-03  -8.8861846E-04  -4.8580501E-01  -4.6184757E-01   4.6184757E-01  -1.5352141E-02  -5.0108433E-01  -3.9567124E-01   2.2430439E-01  -1.7118769E-01  -1.7659644E-01  -1.1477359E-02  -4.4356701E-03  -6.8433644E-03  -2.5979191E-02  -1.1430559E-02  -1.4931546E-02  -2.6078205E-02  -2.6311191E-02  -2.7347182E-02   5.0994940E-04  -8.3651019E-03  -8.3727590E-03   8.1200912E-03  -9.2605053E-05  -2.3332722E-04   1.9403075E-02  -3.4894671E-02   2.4909865E-02  -1.4307246E-02   2.1813694E-02  -2.5018898E-02   4.1931900E-03  -1.5352462E-02  -1.5352992E-02   1.2820313E-02   1.3301729E-02  -7.2524613E-02  -8.8338791E-02   5.3537575E-02  -1.8282978E-02  -2.5339416E-01  -3.4949697E-01   4.6516304E-03   1.3971081E-03  -5.4425245E-02   5.2906844E-03   5.0371017E-03
  4.3059349E-02  -9.9270037E-02   5.6144732E-02   1.9891984E-02  -6.2507787E-01   1.0000000E+00  -4.9891893E-01  -8.0654940E-02   9.6994744E-03   7.3489032E-02  -6.7970903E-03   2.0771402E-02   2.0146877E-02  -1.1814145E-02  -7.7287565E-03   1.2454719E-02  -6.6878392E-03  -2.1133942E-02  -8.7108868E-03   5.1817551E-03  -1.0676219E-02  -1.2810240E-02  -1.2794134E-02   7.2567296E-03   9.0078861E-03   2.6912574E-02   8.3457451E-03   9.2268088E-03   8.2399876E-04  -6.3364937E-04   8.9888069E-03  -1.7552145E-03   5.4209966E-03  -1.5792330E-02  -8.0774040E-03  -1.4926576E-02  -6.5645179E-03   4.2621608E-03   5.3975566E-03   3.5954809E-01   3.5973135E-01  -3.5973135E-01  -1.0111723E-01   3.3781420E-01   2.9329602E-01  -1.9069873E-01   1.1281865E-01   1.3143229E-01   6.4554115E-02   1.6193603E-02   9.3715814E-03  -5.7827646E-02  -8.1043655E-02   5.7455505E-03  -2.0796332E-02  -3.1212778E-03   1.6461839E-02   7.3489032E-02   4.3184337E-02   4.3193194E-02  -4.2989795E-02  -2.6708200E-01  -7.1380700E-02   1.0200281E-01   5.5718779E-02   9.7753275E-02   1.7891517E-02   9.9628623E-02  -8.4088284E-02  -1.2508659E-02  -1.0111696E-01  -1.0111599E-01   1.0035418E-01   1.0103255E-01   4.0509019E-01   1.6748282E-01  -4.1082161E-01  -2.3756940E-01   2.1285696E-01   3.4319189E-01  -3.1144156E-02  -5.3176521E-02   6.1065538E-02  -1.3483155E-02  -4.5617922E-02
  6.2386758E-02  -8.6181703E-02   1.5007968E-02   3.4537932E-02   1.7610430E-01  -4.9891893E-01   1.0000000E+00  -2.6565348E-01   3.1474190E-02   7.4201093E-02   3.0587666E-02  -2.3266982E-02  -9.9976290E-02  -7.0841107E-03   1.5984334E-02   9.8363347E-03  -1.5140455E-02  -1.3197336E-02   1.0518869E-02   3.8379475E-03  -1.4357755E-02   2.8736871E-03   2.1352167E-02   2.0533538E-03   4.6181819E-03  -2.2168962E-02  -6.0325611E-03  -1.4362337E-02   2.9993108E-03  -6.2673397E-03  -8.5844256E-03  -1.8538651E-03   1.3109023E-02   4.4432785E-03   1.9224519E-02   8.6496404E-03  -1.0153532E-02  -4.7179459E-03  -6.6671038E-03  -5.2640333E-01  -4.8706662E-01   4.8706662E-01  -8.4862159E-02  -5.6272504E-01  -4.6973864E-01   1.7417849E-01  -2.5711943E-01  -2.5695676E-01  -1.1478493E-01   3.1777209E-02   3.1528331E-02  -2.3201084E-02   9.5727232E-03   3.3872312E-02   2.4148364E-02   4.9609294E-02   5.4226324E-02   7.4201093E-02   6.2215155E-02   6.2208682E-02  -6.2448881E-02   2.9729524E-01  -7.8980572E-02   7.8966909E-02   1.2348097E-02   7.9955015E-02   4.3908826E-02   7.2201534E-02  -4.8716125E-02  -5.0156955E-02  -8.4862368E-02  -8.4869912E-02   8.4731186E-02   8.4279835E-02  -2.8377475E-01   5.6073763E-01   5.8648092E-01   9.3624923E-01  -7.8898092E-01  -5.0944075E-01   2.8274433E-02   8.6793124E-02  -1.5796801E-01   1.1470920E-02   5.1906604E-02
 -3.3021337E-02   3.2651191E-02   2.9719770E-02   9.3644429E-02  -2.4028500E-02  -8.0654940E-02  -2.6565348E-01   1.0000000E+00   1.0255559E-01  -5.2852755E-03   1.5537879E-02  -6.6145354E-03   2.0627081E-02   1.5626123E-02  -1.3137807E-03  -1.3896317E-02   1.9591466E-02   2.2423403E-02  -1.5967242E-03  -1.0698448E-02   3.1126176E-03   9.9345206E-03   3.5765765E-04   1.3806706E-02   7.6133045E-03   1.0891346E-02   1.3337620E-02   2.1084630E-03   1.6619021E-02  -9.6041078E-04   5.0958802E-03  -3.3367887E-03  -1.5045286E-02  -3.5125415E-03  -1.8318147E-02  -2.9568399E-03   4.3266463E-03   1.9635953E-02   2.0181647E-02  -3.4211555E-01  -3.3899841E-01   3.3899841E-01   3.1054150E-02  -3.4054434E-01  -3.1745693E-01   1.1807647E-01  -1.7521202E-01  -1.8701397E-01  -1.9813154E-01   1.0275455E-01   1.0268495E-01   2.7279650E-02   9.1401801E-02  -9.6686312E-03   3.5392433E-02   4.1161591E-02   8.0548811E-03  -5.2852755E-03  -3.3141375E-02  -3.3134859E-02   3.2970172E-02   6.2018644E-01   3.6234037E-02  -2.6445413E-02   3.1833168E-02  -3.1775396E-02  -2.7493842E-02  -2.2091185E-02   9.5947958E-03   3.9376403E-02   3.1054213E-02   3.1061530E-02  -3.0595729E-02  -2.9935914E-02  -6.6658672E-01  -7.8828834E-01   4.8149216E-01  -1.6584433E-01   9.2405160E-02  -3.7584222E-01   2.6144272E-02   6.3908460E-02   1.5663346E-02   9.5881836E-03   4.3542458E-02
  3.4248869E-01  -3.2593072E-01   2.0937474E-01   9.8337511E-01  -7.4997618E-03   9.6994744E-03   3.1474190E-02   1.0255559E-01   1.0000000E+00   3.7399364E-01   6.0188690E-02   5.4598769E-04   2.3259257E-03  -1.2073880E-01   8.4308224E-02   5.6211506E-02  -9.6226855E-02  -1.2365929E-01   2.0412681E-02   6.4812048E-02  -1.1464307E-01  -1.9683965E-02  -5.1491721E-02  -3.9021921E-02  -1.4639792E-03   3.7062150E-02   3.1338709E-02  -7.6206156E-03   2.6656431E-02  -5.8786826E-03   1.2633537E-02  -8.9628683E-03  -1.6928465E-03   6.9365781E-03  -1.2362498E-02  -2.7328187E-02  -3.7875931E-02   1.5964769E-02  -5.5089281E-02   1.3637511E-02   5.4851565E-02  -5.4851565E-02  -3.0848595E-01  -7.6570132E-02   4.2823883E-01   4.6699278E-01   6.0540157E-01   6.7394522E-01   7.5212192E-01   9.8330655E-01   9.9971029E-01  -1.1755912E-01   2.5052721E-01   9.0011678E-02  -1.7691875E-02   7.6752428E-02   3.4215207E-01   3.7399364E-01   3.4221967E-01   3.4221878E-01  -3.4268191E-01  -4.3427907E-02  -3.7044567E-01   2.5792117E-01   1.9680211E-01   2.3938368E-01   2.9383460E-01   2.1152216E-01  -8.1907869E-02  -2.7790537E-01  -3.0848586E-01  -3.0848345E-01   3.2384012E-01   3.1842314E-01   4.3092227E-02   3.6971302E-02  -7.7573499E-03   1.8302851E-02   2.5138295E-01   3.8251425E-01  -1.8271860E-01   6.3564283E-01  -3.2678424E-02  -2.8025064E-03  -9.1913604E-03
  5.2789343E-01  -7.6375036E-01   3.8109193E-01   4.4443236E-01   5.0994940E-04   7.3489032E-02   7.4201093E-02  -5.2852755E-03   3.7399364E-01   1.0000000E+00   3.2127569E-02  -3.3789857E-03   1.8294472E-03  -1.7057434E-01   1.0221810E-01   1.1602900E-01  -2.1162812E-01  -2.1362950E-01   3.5538029E-02   9.9667286E-02  -2.3042186E-01   2.8316175E-02  -2.7481400E-02  -3.3434643E-02   9.8003374E-03   1.2493267E-01   1.4911005E-01   2.4108609E-02   1.1407375E-01  -4.0263040E-03   8.9853468E-03   1.9958962E-03  -2.9381932E-03   1.0564512E-03  -1.6822113E-02  -4.0174890E-02  -5.3748711E-02  -4.5831658E-02  -6.6457808E-02   1.6645729E-01   2.6265139E-01  -2.6265139E-01  -7.5497733E-01  -5.1497799E-02   6.4016924E-02  -3.3544858E-01  -1.4943686E-01  -5.3758559E-02  -1.4000810E-01   4.1683148E-01   3.7536229E-01  -4.6319283E-01  -6.9250875E-01  -1.8255643E-01  -2.9432641E-02   3.3713256E-01   5.1584147E-01   1.0000000E+00   5.2708003E-01   5.2707967E-01  -5.2756771E-01  -2.7459623E-01  -6.8208616E-01   7.0998124E-01   3.6472601E-01   6.8357124E-01   3.6538357E-01   6.5424663E-01  -4.5740110E-01  -3.4717174E-01  -7.5497722E-01  -7.5497731E-01   7.6431509E-01   7.6181925E-01   3.3397438E-01   2.6591027E-01  -2.0901411E-01   1.1451287E-02  -1.3286265E-01   1.3774420E-01   3.2790105E-02  -2.4485716E-01  -7.2388580E-03   2.2644007E-02  -3.4007219E-02
  1.8281391E-02  -2.3852345E-02   3.3239885E-02  -8.2643057E-02  -1.2876537E-02  -6.7970903E-03   3.0587666E-02   1.5537879E-02   6.0188690E-02   3.2127569E-02   1.0000000E+00   4.7417565E-03   3.5625971E-03   5.1426880E-02  -1.1889494E-02   1.7231294E-02   4.7453087E-02   4.0876123E-02   2.9350468E-02   5.9900137E-02  -3.4039948E-02   1.9397971E-02   1.8455703E-02   5.3174774E-03   3.9379084E-02   6.6861993E-02   4.9528065E-02   6.5268983E-03   7.0871709E-02   9.3255934E-03  -4.9245364E-03  -2.0898324E-03  -2.8808687E-03   1.8937904E-02   3.6656732E-04   2.1078660E-02   2.2769678E-02   2.0891509E-03  -1.2078382E-02  -1.8051743E-02  -1.1538592E-02   1.1538592E-02  -2.3368331E-02  -2.5309782E-02   5.2030906E-03   2.8928686E-02   2.1517247E-02   2.5629164E-02   2.9425095E-02  -8.4091839E-02   5.9835556E-02   7.6856927E-01   4.0564812E-01   7.3412585E-01   9.2832004E-01   8.5004501E-01   7.2503902E-01   3.2127569E-02   1.8836517E-02   1.8830779E-02  -1.8484842E-02   2.1275801E-02  -2.2643970E-02   2.1462547E-02   3.2957440E-02   1.7612518E-02   1.4113764E-02   1.9298189E-02  -1.2437037E-02  -7.7427890E-03  -2.3368363E-02  -2.3367982E-02   2.4610878E-02   2.4530758E-02  -1.9290681E-02   9.6822954E-03   2.9415363E-02   3.2808841E-02  -1.1756908E-02  -4.5460759E-04  -2.2657593E-02  -9.3488269E-02  -2.9044479E-02   6.9053785E-02  -4.8116231E-02
  1.9495783E-03   3.4710998E-03   8.7444651E-04  -9.5963644E-04  -9.6295485E-02   2.0771402E-02  -2.3266982E-02  -6.6145354E-03   5.4598769E-04  -3.3789857E-03   4.7417565E-03   1.0000000E+00  -3.9811146E-02  -3.2583666E-03   7.0715508E-03  -1.3141370E-03  -4.0347418E-04  -1.8120089E-04   4.3371515E-03   7.4053633E-03  -1.0658000E-04  -1.4735704E-02  -5.1523145E-03  -8.9238817E-03  -6.3115370E-03   8.8105698E-03   2.5492644E-03   5.0435188E-03  -5.4335432E-03  -3.6339169E-04   1.6754426E-02   3.7387478E-03  -2.1698763E-03   5.2700619E-03   1.5196580E-03  -1.7759145E-03   3.2671664E-03   4.3173571E-03  -2.6396967E-03   8.7442073E-02   8.2684010E-02  -8.2684010E-02   3.9398183E-03   9.0594577E-02   7.3979548E-02  -3.6331220E-02   3.5280355E-02   3.6309187E-02   1.0741643E-02  -9.9180594E-04   5.2530430E-04   8.1498835E-03   4.8721914E-03   7.3726555E-03   6.9810048E-03   5.3127022E-03   5.7695319E-03  -3.3789857E-03   2.0785313E-03   2.0771572E-03  -1.9109802E-03  -2.0232275E-02   1.6078530E-04  -4.8532834E-03   7.4836878E-04  -5.1196913E-03   3.2926932E-03  -5.4229192E-03   6.2277210E-03  -2.9500600E-03   3.9396860E-03   3.9388319E-03  -3.4529100E-03  -3.6044098E-03   1.7210630E-02  -4.4289530E-03  -2.3624906E-02  -2.4041840E-02   6.0820901E-02   6.7308536E-02   1.1531937E-03  -7.8439489E-04   7.2391906E-03  -1.7258259E-03   9.3904423E-04
 -4.9693879E-03   3.4272430E-03   5.4351553E-03   1.3398661E-03  -8.6918735E-02   2.0146877E-02  -9.9976290E-02   2.0627081E-02   2.3259257E-03   1.8294472E-03   3.5625971E-03  -3.9811146E-02   1.0000000E+00   2.6844986E-03  -8.0517317E-03  -8.4840457E-03   1.1017514E-02  -2.7780558E-03  -1.0510799E-02  -2.4564659E-03   3.8032100E-03  -1.3433477E-02  -1.1775957E-02  -5.3203360E-03  -1.6469212E-03   4.8252220E-03   1.1923068E-02   5.9455429E-03   1.3798258E-02   3.3764467E-03   3.1651973E-03  -1.5589431E-02  -1.2077522E-03  -2.3128365E-03   2.7826472E-03   1.5999403E-03   9.4458846E-03  -3.1258925E-04   4.0119670E-03   1.3709806E-01   1.2925108E-01  -1.2925108E-01   3.0838436E-03   1.4097112E-01   1.1895249E-01  -5.4166252E-02   5.9114055E-02   6.1318206E-02   2.1006121E-02   1.6924748E-03   2.1775186E-03   4.9073350E-03  -5.7913325E-03  -1.8082156E-03   4.0055460E-03   3.3893911E-03   4.8531824E-03   1.8294472E-03  -4.7385725E-03  -4.7390609E-03   4.9656396E-03  -5.0112901E-02   4.7763363E-03  -2.2012647E-03   5.8593734E-03  -3.0896127E-03  -4.7458705E-03  -1.4476694E-03  -4.2489283E-04   6.5459584E-03   3.0838383E-03   3.0843741E-03  -3.0868142E-03  -2.9492116E-03   3.8690682E-02  -6.3266923E-02  -7.3213934E-02  -1.1130399E-01   1.3646872E-01   1.1511080E-01   5.8383822E-04  -1.6783266E-02   5.6778974E-02  -4.6050327E-03  -3.9963900E-03
 -1.0625497E-01   3.7951598E-02  -2.3880546E-02  -1.1970107E-01  -3.8449866E-03  -1.1814145E-02  -7.0841107E-03   1.5626123E-02  -1.2073880E-01  -1.7057434E-01   5.1426880E-02  -3.2583666E-03   2.6844986E-03   1.0000000E+00  -2.8330239E-01  -1.3710316E-01   2.3361384E-01  -7.4177194E-03  -3.3964211E-01  -8.4457994E-01   2.3643305E-02   3.7928966E-03   1.3176719E-02  -6.8619157E-02  -3.6965742E-01  -1.7741204E-02  -9.1047811E-03  -3.6085440E-03   1.6539988E-04  -5.1364359E-03  -7.6555107E-03   8.5099243E-03   1.0708365E-02   5.8909623E-03  -7.5164488E-03   1.1235713E-04  -4.9998694E-03  -5.9404693E-02   4.5854014E-01  -1.3053010E-02  -1.6432856E-02   1.6432856E-02   2.8161439E-02  -5.0602340E-03  -6.9468822E-02  -6.4618169E-02  -9.1636573E-02  -9.9477101E-02  -7.2314357E-02  -1.1649618E-01  -1.2114547E-01   1.9456307E-02   9.0206762E-02   5.6544149E-02  -2.6304308E-02  -9.9781708E-02  -1.5741494E-01  -1.7057434E-01  -1.0593341E-01  -1.0592876E-01   1.0625151E-01   4.4219963E-02   8.7925332E-02  -4.4451169E-03  -1.8733724E-02  -1.9945122E-03  -1.1250011E-01   1.3762079E-02  -5.4571897E-02   1.1268228E-01   2.8161434E-02   2.8161889E-02  -3.5176727E-02  -3.2000974E-02  -3.0471725E-02  -3.2717699E-02   2.4652903E-02  -2.6078111E-03  -3.3502912E-02  -6.6046196E-02  -2.8230989E-02  -1.6881384E-02   7.2906805E-03   3.9202886E-02  -3.2804738E-02
  6.2214420E-02  -2.2873566E-02   1.8078219E-02   7.9164001E-02   7.3663057E-03  -7.7287565E-03   1.5984334E-02  -1.3137807E-03   8.4308224E-02   1.0221810E-01  -1.1889494E-02   7.0715508E-03  -8.0517317E-03  -2.8330239E-01   1.0000000E+00  -1.1259714E-01  -6.9635201E-02   4.6693578E-01   6.8669973E-01   2.6644351E-01   8.8585400E-02  -1.3150176E-02  -7.5911546E-04   9.2946046E-02   5.9835142E-02   3.0940094E-03   1.7865104E-03  -8.9317712E-03   7.6162712E-04   1.9389420E-02  -6.3493004E-03   6.1184843E-03  -5.8331579E-03  -1.9319109E-03   6.4242579E-03  -4.6985944E-03  -9.2845607E-03   5.3486754E-02  -4.9393966E-02  -4.2147252E-03  -2.6652290E-03   2.6652290E-03  -1.7186696E-02  -9.3992681E-03   3.6124354E-02   4.9778698E-02   5.7063446E-02   6.1901183E-02   4.8183891E-02   7.8085561E-02   8.4394429E-02   1.0560559E-02  -3.5835426E-02  -1.3105521E-02   4.1640337E-02   8.2558726E-02   1.1453967E-01   1.0221810E-01   6.2422008E-02   6.2415516E-02  -6.2347040E-02  -1.1652155E-02  -5.1844609E-02   3.3382455E-03   1.5167898E-02   1.3427416E-03   6.6028223E-02  -7.3273140E-03   3.1291824E-02  -6.5008496E-02  -1.7186676E-02  -1.7184586E-02   2.1338333E-02   1.9516224E-02   2.9949231E-03   1.4264746E-02   2.0174856E-03   1.2334173E-02   1.5347199E-02   3.1594568E-02   7.0579030E-03   1.5918576E-02  -3.2546927E-04  -3.9525050E-02   1.1404869E-02
  8.2889166E-02  -3.4206587E-02   1.4730691E-02   5.4911816E-02   3.1867613E-03   1.2454719E-02   9.8363347E-03  -1.3896317E-02   5.6211506E-02   1.1602900E-01   1.7231294E-02  -1.3141370E-03  -8.4840457E-03  -1.3710316E-01  -1.1259714E-01   1.0000000E+00  -5.3765089E-01  -2.4703215E-01   3.9436411E-01   3.0424916E-01  -5.2557256E-01  -4.3060087E-02   2.7252805E-03   2.9001647E-01   1.5309823E-01   1.6610283E-02   1.0623907E-02   5.4489001E-03   4.1264820E-03  -1.8440320E-02   8.7188682E-03   8.7669475E-03   1.1986635E-02   1.3675086E-04   9.2464899E-03  -2.5234775E-03  -9.0984583E-03   1.1762336E-01  -1.2650079E-01   5.0357638E-03   8.6433032E-03  -8.6433032E-03  -2.6888307E-02  -2.5804381E-03   2.5662616E-02   1.9577334E-02   3.1336309E-02   3.6349262E-02   1.9583903E-02   5.1095101E-02   5.6601027E-02  -4.5784088E-03  -6.5436339E-02  -1.8754175E-02   3.4266627E-02   8.4822727E-02   1.1616839E-01   1.1602900E-01   8.3192951E-02   8.3197353E-02  -8.3037420E-02  -3.1789941E-02  -7.0701983E-02   8.9427173E-03   1.0675442E-02   7.7687433E-03   8.5573918E-02  -4.9351215E-03   3.6899776E-02  -8.8063392E-02  -2.6888117E-02  -2.6889114E-02   3.1822516E-02   2.9443524E-02   2.3559258E-02   3.0886333E-02  -1.6221814E-02   8.5312429E-03   2.1513454E-03   2.6968739E-02  -1.5429403E-01  -1.4214309E-02   3.4470021E-03   8.8152431E-02  -1.5799575E-01
 -1.0021792E-01   5.4175919E-02  -2.5187615E-02  -1.0279397E-01  -7.9708334E-03  -6.6878392E-03  -1.5140455E-02   1.9591466E-02  -9.6226855E-02  -2.1162812E-01   4.7453087E-02  -4.0347418E-04   1.1017514E-02   2.3361384E-01  -6.9635201E-02  -5.3765089E-01   1.0000000E+00   3.0472191E-01  -2.1772109E-01  -2.2910990E-01   1.8490076E-01  -7.9120009E-02   7.6180049E-02  -9.0565007E-02  -7.7003866E-02  -2.7855731E-02  -2.4722281E-02  -9.2130700E-03  -9.8118630E-03   5.0949818E-03  -1.4755977E-02  -2.3550324E-03  -3.0728857E-03  -5.1399494E-03  -2.7149920E-03   2.2794123E-03   3.3582906E-03   2.9188704E-01   1.0147832E-01  -1.4175369E-02  -1.9578223E-02   1.9578223E-02   4.6215865E-02  -9.6689480E-04  -5.3713976E-02  -3.8069871E-02  -6.3754313E-02  -7.2824453E-02  -3.3071969E-02  -9.9679964E-02  -9.6305471E-02   5.5960313E-02   1.5794527E-01   1.0585309E-01  -2.5689587E-03  -9.4363039E-02  -1.5241852E-01  -2.1162812E-01  -1.0035829E-01  -1.0036299E-01   1.0027646E-01   4.6746777E-02   9.0801353E-02  -2.6166217E-02  -2.0525963E-02  -2.4208851E-02  -9.9358649E-02  -1.0152504E-02  -2.8287539E-02   1.0116094E-01   4.6215986E-02   4.6216150E-02  -5.1769157E-02  -4.9185067E-02  -3.7728828E-02  -4.1961862E-02   2.6493720E-02  -8.0014727E-03  -1.6395933E-02  -5.4045255E-02   1.6474412E-01   4.0578282E-02  -1.1973688E-02  -1.6734412E-01   1.7561460E-01
 -2.0798205E-01   1.3262226E-01  -4.3547873E-02  -1.3921884E-01   1.2395509E-02  -2.1133942E-02  -1.3197336E-02   2.2423403E-02  -1.2365929E-01  -2.1362950E-01   4.0876123E-02  -1.8120089E-04  -2.7780558E-03  -7.4177194E-03   4.6693578E-01  -2.4703215E-01   3.0472191E-01   1.0000000E+00   5.8246469E-01   2.1876526E-01  -2.3224315E-01  -1.3627124E-02  -6.5739639E-02   1.2931395E-01   7.7020160E-02  -2.6302546E-02  -3.4231331E-02  -1.6362544E-02  -1.7651848E-02   3.0352362E-03  -8.7972168E-04   8.3871854E-03   4.8750554E-03  -3.8192638E-03   1.1598826E-02   1.7973742E-02   1.9825926E-02   2.4047991E-02   1.5780825E-02  -5.3989447E-02  -6.7762965E-02   6.7762965E-02   1.1750250E-01  -2.0788674E-02  -6.2798914E-02   2.6623548E-02  -3.2493051E-02  -4.9836714E-02  -3.2749581E-02  -1.3193783E-01  -1.2381282E-01   1.1095304E-01   1.3512396E-01   4.4015786E-02   3.5304943E-02  -6.2438636E-02  -1.3607635E-01  -2.1362950E-01  -2.0761918E-01  -2.0762890E-01   2.0794902E-01   8.9781307E-02   1.9694115E-01  -7.8361365E-02  -3.3837887E-02  -7.6340591E-02  -1.9954652E-01  -4.6334440E-02  -3.2977768E-02   2.0684430E-01   1.1750243E-01   1.1750532E-01  -1.2726428E-01  -1.2230481E-01  -7.7250374E-02  -6.9204572E-02   5.8650854E-02   2.6037131E-04  -7.4088422E-03  -7.2204321E-02   6.3796978E-02   1.0896116E-02  -1.3453689E-02  -1.4289523E-01   6.6704617E-02
 -3.5785811E-02   5.0411707E-02  -1.3738713E-02   4.0470238E-03   1.0626492E-02  -8.7108868E-03   1.0518869E-02  -1.5967242E-03   2.0412681E-02   3.5538029E-02   2.9350468E-02   4.3371515E-03  -1.0510799E-02  -3.3964211E-01   6.8669973E-01   3.9436411E-01  -2.1772109E-01   5.8246469E-01   1.0000000E+00   6.1123463E-01  -4.6306754E-01  -3.4399811E-02  -2.9121464E-02   1.1994241E-01   8.2443857E-02   4.9829017E-03  -1.2708787E-02  -9.7572412E-03  -7.6950228E-03   7.5686264E-04   1.9508406E-03   8.7169670E-03   8.2505293E-04  -2.3731201E-03   1.7391897E-02   5.9987479E-03   1.8992877E-03   1.0643323E-01  -1.7283461E-01  -3.1073889E-02  -3.7047188E-02   3.7047188E-02   4.9722328E-02  -1.7086626E-02   1.0767083E-02   7.2321746E-02   5.1011669E-02   4.6516224E-02   2.6979731E-02   5.1681799E-03   2.0746201E-02   8.5321803E-02  -1.8040715E-04  -4.5172990E-03   9.0802084E-02   9.9501297E-02   9.8071937E-02   3.5538029E-02  -3.5358618E-02  -3.5366404E-02   3.5574508E-02   2.6766920E-02   4.5479352E-02  -4.6488430E-02  -1.2365093E-02  -4.6358161E-02  -2.4747567E-02  -4.2681928E-02   2.9456552E-02   2.6729189E-02   4.9722421E-02   4.9724100E-02  -4.9976542E-02  -4.9727145E-02  -3.0323133E-02  -1.0695669E-02   2.7138990E-02   1.6006614E-02   1.2659928E-02   1.1722310E-03  -4.9801723E-02  -1.4134343E-03  -3.8436448E-03  -5.8522201E-02  -5.0120832E-02
  1.1288997E-02   2.2199704E-02   2.8967973E-04   4.2843648E-02   1.8402534E-03   5.1817551E-03   3.8379475E-03  -1.0698448E-02   6.4812048E-02   9.9667286E-02   5.9900137E-02   7.4053633E-03  -2.4564659E-03  -8.4457994E-01   2.6644351E-01   3.0424916E-01  -2.2910990E-01   2.1876526E-01   6.1123463E-01   1.0000000E+00  -3.6210025E-01  -1.2769607E-02  -2.1440413E-02  -1.6513628E-02   1.8004233E-01   1.5052429E-02   5.1941121E-04  -2.5452223E-03  -4.2948310E-04  -2.2864652E-03   7.8784265E-03  -1.0241049E-02  -9.2688952E-03  -3.8277881E-03   1.3274876E-02   1.0016005E-02   1.4874625E-02   8.7216234E-02  -4.8053303E-01  -8.2374607E-03  -1.1083834E-02   1.1083834E-02   2.5057963E-02  -1.0180928E-03   4.5763129E-02   7.7881842E-02   8.1303547E-02   8.1485010E-02   5.1892253E-02   4.2528510E-02   6.5133670E-02   1.0668561E-01  -1.5655583E-02   1.7190185E-02   1.3981426E-01   1.7104717E-01   1.8433997E-01   9.9667286E-02   1.1243663E-02   1.1237052E-02  -1.1393406E-02  -3.1042445E-03   1.7628638E-03  -3.0873292E-02  -4.9589062E-04  -3.1857022E-02   2.1037617E-02  -3.4416896E-02   3.9077582E-02  -1.9236319E-02   2.5058012E-02   2.5058035E-02  -2.2745281E-02  -2.3653290E-02  -3.8516718E-03   5.3569093E-03   2.6637857E-03   6.4009540E-03   3.1351660E-02   3.7247450E-02   5.0779294E-03  -5.8213716E-03  -8.4362138E-03  -6.8472506E-02   3.4877865E-03
 -1.2425455E-01   4.7957502E-02  -3.0125617E-02  -1.0084667E-01   1.0558162E-02  -1.0676219E-02  -1.4357755E-02   3.1126176E-03  -1.1464307E-01  -2.3042186E-01  -3.4039948E-02  -1.0658000E-04   3.8032100E-03   2.3643305E-02   8.8585400E-02  -5.2557256E-01   1.8490076E-01  -2.3224315E-01  -4.6306754E-01  -3.6210025E-01   1.0000000E+00   1.5532966E-02  -1.5322563E-02  -1.8130568E-01  -9.0669153E-02  -2.8685666E-02  -2.8327474E-02  -2.5632804E-03  -1.4040673E-02   1.7964472E-02  -6.7958813E-03  -2.8094818E-03  -2.5391940E-03  -2.5457585E-03  -8.0985588E-03  -2.8825631E-03   1.3817130E-03  -5.6443649E-02   3.7465141E-02  -1.7345654E-02  -2.2194255E-02   2.2194255E-02   3.6756904E-02  -6.9769990E-03  -6.6736188E-02  -5.2319799E-02  -8.2337071E-02  -9.0945833E-02  -4.3826164E-02  -9.6426680E-02  -1.1493473E-01  -5.1629523E-02   1.1001367E-01   1.3891533E-02  -1.3262586E-01  -2.2405988E-01  -2.7322418E-01  -2.3042186E-01  -1.2421373E-01  -1.2421464E-01   1.2424861E-01   4.2007259E-02   1.0437795E-01  -9.4184359E-03  -2.4160651E-02  -6.3857878E-03  -1.2978469E-01   1.1615455E-02  -5.9309336E-02   1.3033606E-01   3.6756745E-02   3.6756553E-02  -4.4731043E-02  -4.1101621E-02  -2.5200755E-02  -3.5152901E-02   1.7543317E-02  -1.0739572E-02  -2.7779573E-02  -6.2664991E-02   6.8477418E-02   3.5030432E-02  -1.5992729E-04   1.0995437E-01   7.7952411E-02
  8.2421195E-04   9.5417915E-05  -4.4652364E-03  -1.7864787E-02   5.4812467E-03  -1.2810240E-02   2.8736871E-03   9.9345206E-03  -1.9683965E-02   2.8316175E-02   1.9397971E-02  -1.4735704E-02  -1.3433477E-02   3.7928966E-03  -1.3150176E-02  -4.3060087E-02  -7.9120009E-02  -1.3627124E-02  -3.4399811E-02  -1.2769607E-02   1.5532966E-02   1.0000000E+00   1.2372595E-01   1.6698918E-02   1.0976102E-02   9.6786819E-03   4.3573261E-03  -5.2589844E-03   6.8466685E-03  -6.5694533E-03   3.1341711E-03  -1.0100591E-02  -3.8554151E-03   2.0602682E-02  -5.2355252E-03   6.0705499E-03   8.7923370E-03   2.0468973E-01  -1.8873610E-03  -5.3150092E-03  -4.9838658E-03   4.9838658E-03   1.9840726E-04  -5.2935964E-03  -1.4638829E-02  -1.1201083E-02  -1.7849474E-02  -1.8657234E-02  -3.0520427E-02  -1.7713087E-02  -1.9698434E-02  -5.7883540E-03  -4.1244139E-02  -2.4816243E-02   3.4159520E-03   1.7323096E-02   1.6042430E-02   2.8316175E-02   6.2278562E-04   6.2359705E-04  -7.6170257E-04   8.2857151E-03  -4.3934487E-04  -5.2441763E-04  -4.5786028E-03   9.4582867E-05   9.6242261E-04  -6.8321500E-04   9.4550800E-04  -2.1412766E-03   1.9854660E-04   1.9885906E-04  -4.5977880E-04  -5.0356754E-04  -1.0686305E-02  -1.0784521E-02   8.6264012E-03  -4.8815304E-04  -6.9321119E-03  -1.4310705E-02   5.9761169E-03  -4.4487768E-02   1.1281412E-02   3.4830688E-02  -6.1630702E-03
 -2.7139246E-02  -2.1563626E-03  -1.1639401E-02  -4.3653864E-02  -9.1921629E-03  -1.2794134E-02   2.1352167E-02   3.5765765E-04  -5.1491721E-02  -2.7481400E-02   1.8455703E-02  -5.1523145E-03  -1.1775957E-02   1.3176719E-02  -7.5911546E-04   2.7252805E-03   7.6180049E-02  -6.5739639E-02  -2.9121464E-02  -2.1440413E-02  -1.5322563E-02   1.2372595E-01   1.0000000E+00   3.3765311E-01   1.3159952E-01   9.0117110E-03   9.5037096E-03   2.0433633E-04   1.5772262E-03  -1.0340883E-03  -9.4268648E-03   3.3351304E-03  -1.5696446E-02   5.0714081E-03  -2.7970304E-03   1.8040626E-02   1.4269225E-02  -2.1117473E-01  -8.1000375E-02  -5.3671305E-03  -3.9423268E-03   3.9423268E-03  -5.4784541E-03  -7.0665705E-03  -3.4769510E-02  -3.8598945E-02  -4.9492306E-02  -5.0924357E-02  -4.8555552E-02  -4.4043605E-02  -5.1427155E-02  -3.2158724E-02  -1.7093372E-02  -2.0398821E-02  -4.0110953E-02  -4.9215440E-02  -6.3057740E-02  -2.7481400E-02  -2.7197866E-02  -2.7195881E-02   2.7261889E-02   1.7139550E-02   1.7466628E-02   1.3061197E-02  -1.0314426E-02   1.4940905E-02  -3.2524936E-02   1.8418302E-02  -2.9043680E-02   3.0495540E-02  -5.4782180E-03  -5.4788074E-03   2.7672052E-03   3.8146422E-03  -1.1207130E-02   4.6331949E-03   1.8103224E-02   1.9332935E-02  -3.2338833E-02  -3.3004685E-02   5.9498859E-03  -3.1092701E-02  -1.6145247E-03   1.7263732E-02  -2.5374560E-03
 -2.5234384E-02   4.4440313E-03   1.6376257E-03  -3.5097669E-02  -6.3890097E-03   7.2567296E-03   2.0533538E-03   1.3806706E-02  -3.9021921E-02  -3.3434643E-02   5.3174774E-03  -8.9238817E-03  -5.3203360E-03  -6.8619157E-02   9.2946046E-02   2.9001647E-01  -9.0565007E-02   1.2931395E-01   1.1994241E-01  -1.6513628E-02  -1.8130568E-01   1.6698918E-02   3.3765311E-01   1.0000000E+00   8.4347301E-01  -3.3915428E-03   3.0551142E-03   3.6878705E-03   3.3959879E-03  -8.5686659E-03  -2.0331249E-03   1.6211943E-02   1.1648877E-02  -7.2437429E-03   5.5102479E-03   3.1908032E-03   3.2966063E-03  -1.5410947E-02   4.2380246E-01  -1.3519799E-02  -1.3396237E-02   1.3396237E-02   1.8021970E-03  -1.3348256E-02  -3.3726595E-02  -2.2622736E-02  -3.9345472E-02  -4.1320458E-02  -3.4984335E-02  -3.6171601E-02  -3.8629211E-02  -1.3272316E-02   4.6768982E-03  -3.8920387E-03  -2.2579579E-02  -3.5329417E-02  -4.9117722E-02  -3.3434643E-02  -2.5095774E-02  -2.5095044E-02   2.5339274E-02   1.8937349E-02   1.8954570E-02   4.4812653E-03   3.1494623E-03   4.1946807E-03  -2.8123718E-02   9.0725500E-03  -1.8858585E-02   3.0012534E-02   1.8023337E-03   1.8033223E-03  -3.3114708E-03  -2.4426820E-03  -1.3595315E-02  -6.4296264E-03   1.5122797E-02   8.3680869E-03  -2.3645559E-02  -3.1883859E-02  -3.8854831E-02  -2.0944972E-03  -2.5725823E-03   1.0027227E-02  -3.9383444E-02
 -4.4856145E-03   1.7041998E-03   6.4672529E-03  -6.7255068E-03   1.7708236E-03   9.0078861E-03   4.6181819E-03   7.6133045E-03  -1.4639792E-03   9.8003374E-03   3.9379084E-02  -6.3115370E-03  -1.6469212E-03  -3.6965742E-01   5.9835142E-02   1.5309823E-01  -7.7003866E-02   7.7020160E-02   8.2443857E-02   1.8004233E-01  -9.0669153E-02   1.0976102E-02   1.3159952E-01   8.4347301E-01   1.0000000E+00   7.1838141E-03   4.2214712E-03   2.7686828E-03   2.5033757E-03  -4.3905628E-03  -1.3312707E-03   7.3189753E-03   9.9575658E-03  -7.1729266E-03   1.0154068E-02   4.9982779E-04   2.2979364E-03  -1.7651433E-04   4.3254303E-01  -1.6253505E-02  -1.6125299E-02   1.6125299E-02   1.2979553E-03  -1.6325158E-02  -1.3607815E-02   7.8415668E-03  -5.8848136E-03  -6.3299556E-03  -6.4628166E-03  -8.0540066E-03  -1.0617161E-03   2.9163401E-02   6.1908215E-03   1.7702236E-02   3.7109830E-02   3.7637887E-02   3.2350712E-02   9.8003374E-03  -4.5727852E-03  -4.5760794E-03   4.5924535E-03   9.2712227E-03   3.7831650E-03  -2.2725682E-04   6.9163077E-03  -1.1990101E-03  -4.6705866E-03   5.3557501E-04  -2.3002260E-03   6.8948784E-03   1.2980388E-03   1.2983364E-03  -1.1275950E-03  -9.8044686E-04  -7.4124715E-03   1.5125694E-03   9.9876154E-03   9.7732538E-03  -1.2871020E-02  -1.3565601E-02  -1.8443279E-02   2.3304995E-04  -1.0460934E-02   1.2328681E-02  -1.8359178E-02
  5.8466632E-02  -8.4320879E-02   3.7339748E-02   3.7184555E-02  -1.7653382E-02   2.6912574E-02  -2.2168962E-02   1.0891346E-02   3.7062150E-02   1.2493267E-01   6.6861993E-02   8.8105698E-03   4.8252220E-03  -1.7741204E-02   3.0940094E-03   1.6610283E-02  -2.7855731E-02  -2.6302546E-02   4.9829017E-03   1.5052429E-02  -2.8685666E-02   9.6786819E-03   9.0117110E-03  -3.3915428E-03   7.1838141E-03   1.0000000E+00   3.0655338E-01  -6.4511101E-03   8.7085911E-02  -7.9280151E-03   6.4292391E-03  -8.0104474E-03  -9.1159624E-03   1.2397590E-02  -6.5044176E-03  -3.7605767E-03  -4.3688912E-03  -1.7055467E-02  -6.4419076E-03   3.8930864E-02   4.9340830E-02  -4.9340830E-02  -8.3330799E-02   1.5289098E-02   2.2789746E-02  -4.8548998E-02  -1.1129466E-02  -3.2432260E-04  -2.1990600E-02   3.4071241E-02   3.7157666E-02  -8.3494088E-03  -7.2464465E-02   1.0341161E-02   5.2168165E-02   9.4119106E-02   1.0652076E-01   1.2493267E-01   5.8356094E-02   5.8359122E-02  -5.8347546E-02  -3.6185722E-02  -7.5337219E-02   7.8341893E-02   3.5380400E-02   7.6108303E-02   4.0383850E-02   7.2175468E-02  -5.0405950E-02  -3.9669788E-02  -8.3330889E-02  -8.3330144E-02   8.4282945E-02   8.3976291E-02   4.3235932E-02   1.0903191E-02  -3.8373038E-02  -2.6231257E-02   9.8318165E-03   3.1461097E-02  -2.4570598E-01  -5.4210893E-02   5.9479695E-03   3.1870565E-01  -2.6020847E-01
  7.4127144E-02  -1.0944245E-01   3.0250961E-02   3.6909132E-02  -9.0837191E-03   8.3457451E-03  -6.0325611E-03   1.3337620E-02   3.1338709E-02   1.4911005E-01   4.9528065E-02   2.5492644E-03   1.1923068E-02  -9.1047811E-03   1.7865104E-03   1.0623907E-02  -2.4722281E-02  -3.4231331E-02  -1.2708787E-02   5.1941121E-04  -2.8327474E-02   4.3573261E-03   9.5037096E-03   3.0551142E-03   4.2214712E-03   3.0655338E-01   1.0000000E+00   1.1553721E-02   3.4929806E-01  -4.1266471E-03  -7.1737230E-03   6.3922586E-03  -3.5522599E-03  -3.6256601E-03  -7.1080155E-03  -7.9847583E-03  -8.1729575E-03  -1.5934803E-02  -3.5626120E-03   3.4683398E-02   4.7005493E-02  -4.7005493E-02  -1.0836244E-01   3.6380041E-03   4.5027485E-03  -7.0215004E-02  -3.8269521E-02  -2.5280063E-02  -4.7640143E-02   3.2818846E-02   3.1447370E-02  -3.6995433E-02  -1.0206661E-01  -3.2786178E-03   3.4964901E-02   8.8103054E-02   1.0275856E-01   1.4911005E-01   7.4161632E-02   7.4159900E-02  -7.4105643E-02  -3.1028917E-02  -9.6752788E-02   1.0231234E-01   2.7619421E-02   1.0197055E-01   5.0382077E-02   9.4629717E-02  -6.7007275E-02  -5.4264613E-02  -1.0836252E-01  -1.0836276E-01   1.0860867E-01   1.0823180E-01   4.0028659E-02   1.5085299E-02  -2.9653423E-02  -1.5255935E-02  -9.6312800E-03   1.5454517E-02  -6.6480167E-02  -6.7470599E-02   1.6865603E-04   9.4287792E-02  -8.4801268E-02
  2.8795339E-02  -1.9986393E-02   1.1524471E-02  -5.6035579E-03  -9.8091849E-03   9.2268088E-03  -1.4362337E-02   2.1084630E-03  -7.6206156E-03   2.4108609E-02   6.5268983E-03   5.0435188E-03   5.9455429E-03  -3.6085440E-03  -8.9317712E-03   5.4489001E-03  -9.2130700E-03  -1.6362544E-02  -9.7572412E-03  -2.5452223E-03  -2.5632804E-03  -5.2589844E-03   2.0433633E-04   3.6878705E-03   2.7686828E-03  -6.4511101E-03   1.1553721E-02   1.0000000E+00   1.9012776E-02   1.0295440E-02   5.1753359E-03  -1.1146833E-02  -3.0865630E-03   2.4666581E-03   1.3152142E-03   8.5957953E-03   1.0531695E-02  -5.5294778E-03  -5.6204916E-03   1.9254436E-02   2.1439980E-02  -2.1439980E-02  -1.8006148E-02   1.4340273E-02   2.4062451E-03  -3.0402023E-02  -1.6069031E-02  -1.4327996E-02  -2.1129579E-02  -6.9909594E-03  -7.6055040E-03  -9.3756266E-03  -2.2829081E-02   4.4358318E-03   4.2801274E-03   1.6129169E-02   1.7899359E-02   2.4108609E-02   2.8694447E-02   2.8693721E-02  -2.8694428E-02  -1.4987547E-02  -2.7893859E-02   1.2840885E-02   1.0297936E-02   1.1846060E-02   2.7019625E-02   8.5104219E-03   2.3895592E-03  -2.6618262E-02  -1.8006088E-02  -1.8005034E-02   1.9615185E-02   1.8969263E-02   1.3617203E-02  -1.8091883E-03  -1.6046995E-02  -1.5825675E-02   4.1933312E-03   6.1514481E-03   9.3482342E-02  -2.3677296E-02  -1.9402146E-02  -1.1070255E-01   8.6919385E-02
  5.7918289E-02  -8.7326243E-02   3.1747237E-02   2.7696017E-02   2.0607595E-03   8.2399876E-04   2.9993108E-03   1.6619021E-02   2.6656431E-02   1.1407375E-01   7.0871709E-02  -5.4335432E-03   1.3798258E-02   1.6539988E-04   7.6162712E-04   4.1264820E-03  -9.8118630E-03  -1.7651848E-02  -7.6950228E-03  -4.2948310E-04  -1.4040673E-02   6.8466685E-03   1.5772262E-03   3.3959879E-03   2.5033757E-03   8.7085911E-02   3.4929806E-01   1.9012776E-02   1.0000000E+00   1.3592989E-03   9.8416224E-03   2.5565075E-03  -6.3798146E-03  -7.0087673E-03  -1.0984524E-02  -1.0969822E-02  -7.1607451E-03  -7.4117489E-03   3.2284585E-03   1.5193423E-02   2.5305661E-02  -2.5305661E-02  -8.6608653E-02  -9.8892617E-03  -6.4440869E-03  -4.9956042E-02  -3.4704178E-02  -2.4502678E-02  -3.7062938E-02   2.4908485E-02   2.6578086E-02  -1.1270036E-02  -6.6674373E-02   1.7481601E-02   4.8231908E-02   8.6265781E-02   9.4258043E-02   1.1407375E-01   5.7851835E-02   5.7845687E-02  -5.7899870E-02  -1.9621866E-02  -7.6383552E-02   8.2097032E-02   2.9777909E-02   8.0763371E-02   3.9079071E-02   7.6172047E-02  -5.4676779E-02  -3.9809330E-02  -8.6608594E-02  -8.6610138E-02   8.6965518E-02   8.6735047E-02   2.5257878E-02   1.2295164E-02  -1.5248142E-02  -4.4872587E-03  -1.6803012E-02   2.2130026E-03  -1.5715874E-02  -5.7625447E-02  -5.8254887E-04   1.9870558E-02  -3.1413305E-02
