  1.0000000E+00  -1.7945110E-01  -4.0363228E-01  -1.0121132E-01   1.3321521E-02   4.6546145E-03   1.5748661E-01  -1.4044625E-01   1.4044625E-01   1.9323347E-01   1.7428629E-01  -3.4992773E-01  -2.7660876E-01  -3.0976599E-01  -3.8773350E-01   8.5354867E-01   8.5353503E-01  -9.9256060E-01  -2.3715541E-01  -7.2877389E-01  -6.5470914E-01  -4.1390979E-01  -2.9138695E-01   9.5991317E-01  -7.3238089E-01   7.2444923E-01  -6.4688081E-01   1.9323347E-01   1.9322370E-01  -3.0612203E-01  -3.9768059E-01  -5.2470703E-01   1.6145911E-01  -1.7984939E-01   8.2844492E-02  -2.9023702E-01  -3.7471892E-01  -1.6550095E-03
 -1.7945110E-01   1.0000000E+00   7.5724273E-01  -5.8153757E-01   1.7588606E-02  -7.2252359E-03   5.0916883E-01  -6.1883999E-01   6.1883999E-01   9.3054969E-01   9.1955713E-01   9.7068748E-01   9.7155625E-01   9.7581827E-01   9.4689407E-01  -1.7524688E-01  -1.7524603E-01   1.8361172E-01  -6.1907003E-01   4.3258906E-01  -5.8843420E-01   7.5537579E-01  -7.4395777E-01  -7.2478134E-02  -4.8286929E-01   4.7263309E-01   4.8399302E-01   9.3054969E-01   9.3055333E-01  -6.8562308E-01  -6.3722858E-01   2.1001532E-02   5.5435192E-01  -4.5279114E-01   5.1834809E-01   9.7277777E-01   9.6084989E-01   2.0110409E-01
 -4.0363228E-01   7.5724273E-01   1.0000000E+00  -5.2716098E-02   6.5109608E-04  -2.1050928E-02   7.5317569E-01  -7.7227972E-02   7.7227974E-02   6.0499551E-01   6.5974794E-01   7.9597946E-01   6.9739120E-01   7.4482563E-01   7.5183904E-01  -3.6753326E-01  -3.6752876E-01   4.0379944E-01  -7.7073220E-01   5.3976120E-01  -3.0622779E-01   9.9992923E-01  -7.2546303E-01  -3.1026281E-01  -2.0413158E-01   1.4304535E-01   7.5544206E-01   6.0499551E-01   6.0499090E-01  -4.5654952E-01  -3.8194525E-01   5.8278812E-01   7.7178220E-01  -7.3356550E-01   1.1840389E-01   7.1778713E-01   8.2583375E-01   4.3825510E-02
 -1.0121132E-01  -5.8153757E-01  -5.2716098E-02   1.0000000E+00  -4.1551876E-02  -2.3054033E-02   1.4796262E-01   9.0662861E-01  -9.0662861E-01  -6.1766393E-01  -4.9673373E-01  -5.5744968E-01  -6.6649371E-01  -6.1989518E-01  -6.0201659E-01  -7.8823261E-02  -7.8821090E-02   9.8387737E-02   5.0926438E-02  -1.0117591E-01   4.8666241E-01  -5.1022436E-02   3.1932556E-01  -1.5891959E-01   4.4041769E-01  -4.4422030E-01   5.6741745E-02  -6.1766393E-01  -6.1766550E-01   5.7339755E-01   5.7006684E-01   5.9216104E-01   1.2562097E-01  -1.8584049E-01  -6.1847700E-01  -6.4958820E-01  -5.0861398E-01  -3.1129735E-01
  1.3321521E-02   1.7588606E-02   6.5109608E-04  -4.1551876E-02   1.0000000E+00  -7.4116455E-02   9.1134102E-03  -2.3477161E-02   2.3477160E-02   2.2500247E-02   2.1568150E-02   1.7846580E-02   1.7965797E-02   1.8140076E-02   1.7212591E-02   1.4710054E-02   1.4710343E-02  -1.5950435E-02  -5.0608885E-03  -1.0425283E-02  -2.4349125E-02   5.0930341E-04  -1.4150520E-02   1.7249454E-02  -2.4721258E-02   2.3807346E-02  -1.3088773E-02   2.2500246E-02   2.2500226E-02  -2.2482109E-02  -2.3814469E-02  -2.0817724E-02   2.5656362E-03   1.5048530E-03  -1.5943978E-02   1.9955548E-02   1.7156382E-02   8.6409090E-04
  4.6546145E-03  -7.2252359E-03  -2.1050928E-02  -2.3054033E-02  -7.4116455E-02   1.0000000E+00   4.2106610E-03   1.7638467E-02  -1.7638468E-02  -5.4735533E-03   1.2284342E-04  -6.0483026E-03  -8.7881710E-03  -7.4928828E-03  -7.0459461E-03   5.4296355E-03   5.4290971E-03  -2.1611694E-03   1.5593177E-02  -7.8508369E-03   6.4951081E-03  -2.1091777E-02   1.6962504E-02   2.5000717E-03   6.3940900E-03   2.9360859E-03  -1.6347299E-02  -5.4735554E-03  -5.4728826E-03   1.1996940E-02   1.1610834E-02  -6.8275219E-03  -1.1027665E-02   9.3560552E-03  -7.6103362E-02  -5.0988856E-03  -5.7486360E-03  -1.7263883E-03
  1.5748661E-01   5.0916883E-01   7.5317569E-01   1.4796262E-01   9.1134102E-03   4.2106610E-03   1.0000000E+00   1.8277365E-01  -1.8277365E-01   5.6643359E-01   6.7747546E-01   4.2674047E-01   3.4519250E-01   3.8311883E-01   3.3033907E-01   1.1648930E-01   1.1648581E-01  -1.4980449E-01  -9.1972286E-01   6.9408902E-02  -5.2843428E-01   7.4738206E-01  -7.8045717E-01   2.0815708E-01  -4.8492759E-01   4.5613509E-01   3.9240901E-01   5.6643359E-01   5.6642963E-01  -3.6302512E-01  -3.4724811E-01   5.4276213E-01   9.8999863E-01  -9.5011285E-01  -1.4232816E-01   3.6265442E-01   4.5299286E-01  -3.3218455E-02
 -1.4044625E-01  -6.1883999E-01  -7.7227972E-02   9.0662861E-01  -2.3477161E-02   1.7638467E-02   1.8277365E-01   1.0000000E+00  -1.0000000E+00  -6.6947076E-01  -5.3391286E-01  -5.9265582E-01  -6.9744845E-01  -6.5430048E-01  -6.4214056E-01  -1.1159821E-01  -1.1159559E-01   1.3761388E-01   7.5735042E-02  -9.6204854E-02   5.6874271E-01  -7.4852221E-02   3.8541444E-01  -2.0533688E-01   5.2025784E-01  -5.0541551E-01   6.2734578E-02  -6.6947077E-01  -6.6946879E-01   6.8718816E-01   6.8381020E-01   6.7761926E-01   1.1712923E-01  -1.9728071E-01  -8.2580737E-01  -6.7674858E-01  -5.4751247E-01  -2.9145574E-01
  1.4044625E-01   6.1883999E-01   7.7227974E-02  -9.0662861E-01   2.3477160E-02  -1.7638468E-02  -1.8277365E-01  -1.0000000E+00   1.0000000E+00   6.6947076E-01   5.3391286E-01   5.9265582E-01   6.9744845E-01   6.5430048E-01   6.4214056E-01   1.1159821E-01   1.1159560E-01  -1.3761388E-01  -7.5735044E-02   9.6204852E-02  -5.6874271E-01   7.4852223E-02  -3.8541444E-01   2.0533688E-01  -5.2025784E-01   5.0541551E-01  -6.2734579E-02   6.6947077E-01   6.6946879E-01  -6.8718816E-01  -6.8381020E-01  -6.7761926E-01  -1.1712923E-01   1.9728070E-01   8.2580737E-01   6.7674858E-01   5.4751247E-01   2.9145574E-01
  1.9323347E-01   9.3054969E-01   6.0499551E-01  -6.1766393E-01   2.2500247E-02  -5.4735533E-03   5.6643359E-01  -6.6947076E-01   6.6947076E-01   1.0000000E+00   9.8198436E-01   8.3786233E-01   8.6601869E-01   8.5792801E-01   8.0006055E-01   1.4291620E-01   1.4291198E-01  -1.8631490E-01  -7.0569610E-01   1.6018429E-01  -8.3055840E-01   5.9930816E-01  -8.5043738E-01   2.8500156E-01  -7.5418402E-01   7.4102281E-01   2.4193290E-01   1.0000000E+00   1.0000000E+00  -7.9774220E-01  -7.8355511E-01  -1.7435428E-01   6.1297522E-01  -5.1852930E-01   5.4780608E-01   8.6216442E-01   8.1882341E-01   1.9995371E-01
  1.7428629E-01   9.1955713E-01   6.5974794E-01  -4.9673373E-01   2.1568150E-02   1.2284342E-04   6.7747546E-01  -5.3391286E-01   5.3391286E-01   9.8198436E-01   1.0000000E+00   8.1855671E-01   8.2559222E-01   8.2673322E-01   7.6280620E-01   1.2533954E-01   1.2533552E-01  -1.6749815E-01  -7.5421767E-01   1.6740762E-01  -7.9789689E-01   6.5403214E-01  -8.5278025E-01   2.6314294E-01  -7.2169856E-01   7.1558652E-01   2.8784441E-01   9.8198436E-01   9.8198594E-01  -7.3654716E-01  -7.2121027E-01  -4.6817777E-02   7.1508016E-01  -6.0239921E-01   4.3489619E-01   8.2626819E-01   8.0758440E-01   1.6056542E-01
 -3.4992773E-01   9.7068748E-01   7.9597946E-01  -5.5744968E-01   1.7846580E-02  -6.0483026E-03   4.2674047E-01  -5.9265582E-01   5.9265582E-01   8.3786233E-01   8.1855671E-01   1.0000000E+00   9.8016606E-01   9.9419306E-01   9.9201425E-01  -3.4435080E-01  -3.4434838E-01   3.5220237E-01  -5.4098986E-01   5.7778416E-01  -4.5811031E-01   7.9612016E-01  -6.7243433E-01  -2.5030939E-01  -3.3917863E-01   2.9853602E-01   6.0383956E-01   8.3786234E-01   8.3786414E-01  -6.5073444E-01  -5.8718489E-01   8.0494156E-02   4.6400526E-01  -3.7934541E-01   4.6836677E-01   9.8885917E-01   9.9727323E-01   1.7419431E-01
 -2.7660876E-01   9.7155625E-01   6.9739120E-01  -6.6649371E-01   1.7965797E-02  -8.7881710E-03   3.4519250E-01  -6.9744845E-01   6.9744845E-01   8.6601869E-01   8.2559222E-01   9.8016606E-01   1.0000000E+00   9.9575482E-01   9.8056360E-01  -2.7316664E-01  -2.7316497E-01   2.7965148E-01  -4.8921924E-01   5.1919345E-01  -4.9860801E-01   6.9704594E-01  -6.4584425E-01  -1.7543001E-01  -3.8816881E-01   3.5397807E-01   5.0864929E-01   8.6601869E-01   8.6602247E-01  -6.5515846E-01  -6.0476406E-01  -4.5669100E-02   3.9276463E-01  -3.0590707E-01   5.7747443E-01   9.9760972E-01   9.6298774E-01   2.3046180E-01
 -3.0976599E-01   9.7581827E-01   7.4482563E-01  -6.1989518E-01   1.8140076E-02  -7.4928828E-03   3.8311883E-01  -6.5430048E-01   6.5430048E-01   8.5792801E-01   8.2673322E-01   9.9419306E-01   9.9575482E-01   1.0000000E+00   9.9085336E-01  -3.0516916E-01  -3.0516714E-01   3.1242297E-01  -5.1490262E-01   5.4709697E-01  -4.8442278E-01   7.4468093E-01  -6.6183194E-01  -2.0854996E-01  -3.6973435E-01   3.3208875E-01   5.5275346E-01   8.5792801E-01   8.5793083E-01  -6.5860567E-01  -6.0217228E-01   8.5363051E-03   4.2617071E-01  -3.3999627E-01   5.3035616E-01   9.9866837E-01   9.8360446E-01   2.0449943E-01
 -3.8773350E-01   9.4689407E-01   7.5183904E-01  -6.0201659E-01   1.7212591E-02  -7.0459461E-03   3.3033907E-01  -6.4214056E-01   6.4214056E-01   8.0006055E-01   7.6280620E-01   9.9201425E-01   9.8056360E-01   9.9085336E-01   1.0000000E+00  -3.8100356E-01  -3.8100074E-01   3.8937618E-01  -4.6650320E-01   5.9953190E-01  -4.1422245E-01   7.5268025E-01  -6.2029728E-01  -2.9240080E-01  -2.9350645E-01   2.5341745E-01   5.9282321E-01   8.0006056E-01   8.0006186E-01  -6.4380370E-01  -5.7623355E-01   2.8741538E-02   3.7035182E-01  -2.9226292E-01   5.0876046E-01   9.8757195E-01   9.8625343E-01   1.8848145E-01
  8.5354867E-01  -1.7524688E-01  -3.6753326E-01  -7.8823261E-02   1.4710054E-02   5.4296355E-03   1.1648930E-01  -1.1159821E-01   1.1159821E-01   1.4291620E-01   1.2533954E-01  -3.4435080E-01  -2.7316664E-01  -3.0516916E-01  -3.8100356E-01   1.0000000E+00   1.0000000E+00  -8.5874940E-01  -1.8998968E-01  -9.1324277E-01  -5.6981285E-01  -3.7709997E-01  -2.4223381E-01   9.4812316E-01  -6.9097227E-01   7.4756044E-01  -8.2399828E-01   1.4291620E-01   1.4290595E-01  -2.7523922E-01  -3.7324312E-01  -5.1882910E-01   1.1904033E-01  -1.4008418E-01   6.4713050E-02  -2.8570539E-01  -3.6852276E-01   6.3617910E-03
  8.5353503E-01  -1.7524603E-01  -3.6752876E-01  -7.8821090E-02   1.4710343E-02   5.4290971E-03   1.1648581E-01  -1.1159559E-01   1.1159560E-01   1.4291198E-01   1.2533552E-01  -3.4434838E-01  -2.7316497E-01  -3.0516714E-01  -3.8100074E-01   1.0000000E+00   1.0000000E+00  -8.5873851E-01  -1.8998519E-01  -9.1324877E-01  -5.6980328E-01  -3.7709531E-01  -2.4222877E-01   9.4811568E-01  -6.9096451E-01   7.4755598E-01  -8.2400352E-01   1.4291198E-01   1.4290172E-01  -2.7523491E-01  -3.7323845E-01  -5.1882512E-01   1.1903674E-01  -1.4008054E-01   6.4711502E-02  -2.8570352E-01  -3.6852009E-01   6.3618711E-03
 -9.9256060E-01   1.8361172E-01   4.0379944E-01   9.8387737E-02  -1.5950435E-02  -2.1611694E-03  -1.4980449E-01   1.3761388E-01  -1.3761388E-01  -1.8631490E-01  -1.6749815E-01   3.5220237E-01   2.7965148E-01   3.1242297E-01   3.8937618E-01  -8.5874940E-01  -8.5873851E-01   1.0000000E+00   2.2711515E-01   7.5713755E-01   6.4182569E-01   4.1368452E-01   2.8129514E-01  -9.5801889E-01   7.2453987E-01  -7.2268929E-01   6.6964555E-01  -1.8631490E-01  -1.8630536E-01   2.9843832E-01   3.9049916E-01   5.2606536E-01  -1.5361202E-01   1.7072410E-01  -8.1069622E-02   2.9285399E-01   3.7672458E-01   2.9427966E-03
 -2.3715541E-01  -6.1907003E-01  -7.7073220E-01   5.0926438E-02  -5.0608885E-03   1.5593177E-02  -9.1972286E-01   7.5735042E-02  -7.5735044E-02  -7.0569610E-01  -7.5421767E-01  -5.4098986E-01  -4.8921924E-01  -5.1490262E-01  -4.6650320E-01  -1.8998968E-01  -1.8998519E-01   2.2711515E-01   1.0000000E+00  -5.8183150E-02   7.0755894E-01  -7.6381425E-01   9.3672047E-01  -3.0715244E-01   6.5822907E-01  -5.9952196E-01  -3.5823341E-01  -7.0569610E-01  -7.0568608E-01   5.8714935E-01   5.7167527E-01  -3.4240402E-01  -9.3475866E-01   9.5924715E-01  -1.0051442E-01  -5.0005922E-01  -5.5527432E-01  -3.5755945E-02
 -7.2877389E-01   4.3258906E-01   5.3976120E-01  -1.0117591E-01  -1.0425283E-02  -7.8508369E-03   6.9408902E-02  -9.6204854E-02   9.6204852E-02   1.6018429E-01   1.6740762E-01   5.7778416E-01   5.1919345E-01   5.4709697E-01   5.9953190E-01  -9.1324277E-01  -9.1324877E-01   7.5713755E-01  -5.8183150E-02   1.0000000E+00   2.5219609E-01   5.4623508E-01  -6.0022353E-02  -8.0186264E-01   3.9516305E-01  -5.1497080E-01   9.2807140E-01   1.6018430E-01   1.6019063E-01  -2.6471941E-02   6.3164902E-02   4.3375993E-01   8.0673284E-02  -4.3513293E-02   9.8900262E-02   5.2990220E-01   5.9490858E-01   4.1537372E-02
 -6.5470914E-01  -5.8843420E-01  -3.0622779E-01   4.8666241E-01  -2.4349125E-02   6.4951081E-03  -5.2843428E-01   5.6874271E-01  -5.6874271E-01  -8.3055840E-01  -7.9789689E-01  -4.5811031E-01  -4.9860801E-01  -4.8442278E-01  -4.1422245E-01  -5.6981285E-01  -5.6980328E-01   6.4182569E-01   7.0755894E-01   2.5219609E-01   1.0000000E+00  -2.9614546E-01   8.5995728E-01  -7.2426893E-01   9.8664131E-01  -9.2991723E-01   1.2680484E-01  -8.3055840E-01  -8.3054617E-01   8.5233297E-01   8.8787003E-01   3.9693561E-01  -5.6196967E-01   5.2629088E-01  -4.2924538E-01  -4.9503861E-01  -4.3771323E-01  -1.1797064E-01
 -4.1390979E-01   7.5537579E-01   9.9992923E-01  -5.1022436E-02   5.0930341E-04  -2.1091777E-02   7.4738206E-01  -7.4852221E-02   7.4852223E-02   5.9930816E-01   6.5403214E-01   7.9612016E-01   6.9704594E-01   7.4468093E-01   7.5268025E-01  -3.7709997E-01  -3.7709531E-01   4.1368452E-01  -7.6381425E-01   5.4623508E-01  -2.9614546E-01   1.0000000E+00  -7.1795804E-01  -3.2102945E-01  -1.9350697E-01   1.3283417E-01   7.6004294E-01   5.9930816E-01   5.9930371E-01  -4.4999858E-01  -3.7453180E-01   5.8682025E-01   7.6583086E-01  -7.2764105E-01   1.1661806E-01   7.1751627E-01   8.2616142E-01   4.3571438E-02
 -2.9138695E-01  -7.4395777E-01  -7.2546303E-01   3.1932556E-01  -1.4150520E-02   1.6962504E-02  -7.8045717E-01   3.8541444E-01  -3.8541444E-01  -8.5043738E-01  -8.5278025E-01  -6.7243433E-01  -6.4584425E-01  -6.6183194E-01  -6.2029728E-01  -2.4223381E-01  -2.4222877E-01   2.8129514E-01   9.3672047E-01  -6.0022353E-02   8.5995728E-01  -7.1795804E-01   1.0000000E+00  -3.8040843E-01   8.0349714E-01  -7.2875217E-01  -2.8641362E-01  -8.5043738E-01  -8.5042351E-01   8.2509601E-01   8.1073337E-01  -5.5305792E-02  -8.0970766E-01   8.0305416E-01  -3.2002275E-01  -6.5462152E-01  -6.7562629E-01  -9.1387817E-02
  9.5991317E-01  -7.2478134E-02  -3.1026281E-01  -1.5891959E-01   1.7249454E-02   2.5000717E-03   2.0815708E-01  -2.0533688E-01   2.0533688E-01   2.8500156E-01   2.6314294E-01  -2.5030939E-01  -1.7543001E-01  -2.0854996E-01  -2.9240080E-01   9.4812316E-01   9.4811568E-01  -9.5801889E-01  -3.0715244E-01  -8.0186264E-01  -7.2426893E-01  -3.2102945E-01  -3.8040843E-01   1.0000000E+00  -8.1610676E-01   8.2512006E-01  -7.0312901E-01   2.8500156E-01   2.8499036E-01  -4.0231772E-01  -4.9779586E-01  -5.4798224E-01   2.1667293E-01  -2.2928095E-01   1.3632214E-01  -1.8855559E-01  -2.7676494E-01   2.0846674E-02
 -7.3238089E-01  -4.8286929E-01  -2.0413158E-01   4.4041769E-01  -2.4721258E-02   6.3940900E-03  -4.8492759E-01   5.2025784E-01  -5.2025784E-01  -7.5418402E-01  -7.2169856E-01  -3.3917863E-01  -3.8816881E-01  -3.6973435E-01  -2.9350645E-01  -6.9097227E-01  -6.9096451E-01   7.2453987E-01   6.5822907E-01   3.9516305E-01   9.8664131E-01  -1.9350697E-01   8.0349714E-01  -8.1610676E-01   1.0000000E+00  -9.5370001E-01   2.6672086E-01  -7.5418402E-01  -7.5417084E-01   8.0683926E-01   8.5839460E-01   4.4801540E-01  -5.1489427E-01   4.8882991E-01  -3.8885537E-01  -3.8274978E-01  -3.1669027E-01  -1.0327089E-01
  7.2444923E-01   4.7263309E-01   1.4304535E-01  -4.4422030E-01   2.3807346E-02   2.9360859E-03   4.5613509E-01  -5.0541551E-01   5.0541551E-01   7.4102281E-01   7.1558652E-01   2.9853602E-01   3.5397807E-01   3.3208875E-01   2.5341745E-01   7.4756044E-01   7.4755598E-01  -7.2268929E-01  -5.9952196E-01  -5.1497080E-01  -9.2991723E-01   1.3283417E-01  -7.2875217E-01   8.2512006E-01  -9.5370001E-01   1.0000000E+00  -3.9188007E-01   7.4102281E-01   7.4101510E-01  -7.1236976E-01  -7.5928071E-01  -4.5603859E-01   4.8619220E-01  -4.4359303E-01   3.8701363E-01   3.4637201E-01   2.7397961E-01   1.2232246E-01
 -6.4688081E-01   4.8399302E-01   7.5544206E-01   5.6741745E-02  -1.3088773E-02  -1.6347299E-02   3.9240901E-01   6.2734578E-02  -6.2734579E-02   2.4193290E-01   2.8784441E-01   6.0383956E-01   5.0864929E-01   5.5275346E-01   5.9282321E-01  -8.2399828E-01  -8.2400352E-01   6.6964555E-01  -3.5823341E-01   9.2807140E-01   1.2680484E-01   7.6004294E-01  -2.8641362E-01  -7.0312901E-01   2.6672086E-01  -3.9188007E-01   1.0000000E+00   2.4193291E-01   2.4193510E-01  -9.0011738E-02   1.9041740E-03   6.6019588E-01   4.0015196E-01  -3.7594453E-01   1.6861296E-03   5.2562258E-01   6.3470790E-01   7.0376225E-03
  1.9323347E-01   9.3054969E-01   6.0499551E-01  -6.1766393E-01   2.2500246E-02  -5.4735554E-03   5.6643359E-01  -6.6947077E-01   6.6947077E-01   1.0000000E+00   9.8198436E-01   8.3786234E-01   8.6601869E-01   8.5792801E-01   8.0006056E-01   1.4291620E-01   1.4291198E-01  -1.8631490E-01  -7.0569610E-01   1.6018430E-01  -8.3055840E-01   5.9930816E-01  -8.5043738E-01   2.8500156E-01  -7.5418402E-01   7.4102281E-01   2.4193291E-01   1.0000000E+00   1.0000000E+00  -7.9774221E-01  -7.8355511E-01  -1.7435428E-01   6.1297522E-01  -5.1852930E-01   5.4780608E-01   8.6216442E-01   8.1882341E-01   1.9995371E-01
  1.9322370E-01   9.3055333E-01   6.0499090E-01  -6.1766550E-01   2.2500226E-02  -5.4728826E-03   5.6642963E-01  -6.6946879E-01   6.6946879E-01   1.0000000E+00   9.8198594E-01   8.3786414E-01   8.6602247E-01   8.5793083E-01   8.0006186E-01   1.4290595E-01   1.4290172E-01  -1.8630536E-01  -7.0568608E-01   1.6019063E-01  -8.3054617E-01   5.9930371E-01  -8.5042351E-01   2.8499036E-01  -7.5417084E-01   7.4101510E-01   2.4193510E-01   1.0000000E+00   1.0000000E+00  -7.9772190E-01  -7.8353477E-01  -1.7434862E-01   6.1297163E-01  -5.1852204E-01   5.4780758E-01   8.6216751E-01   8.1882448E-01   1.9995765E-01
 -3.0612203E-01  -6.8562308E-01  -4.5654952E-01   5.7339755E-01  -2.2482109E-02   1.1996940E-02  -3.6302512E-01   6.8718816E-01  -6.8718816E-01  -7.9774220E-01  -7.3654716E-01  -6.5073444E-01  -6.5515846E-01  -6.5860567E-01  -6.4380370E-01  -2.7523922E-01  -2.7523491E-01   2.9843832E-01   5.8714935E-01  -2.6471941E-02   8.5233297E-01  -4.4999858E-01   8.2509601E-01  -4.0231772E-01   8.0683926E-01  -7.1236976E-01  -9.0011738E-02  -7.9774221E-01  -7.9772190E-01   1.0000000E+00   9.9130149E-01   3.9526684E-01  -3.9749279E-01   3.6089847E-01  -4.8435513E-01  -6.6237290E-01  -6.4193181E-01  -1.1011102E-01
 -3.9768059E-01  -6.3722858E-01  -3.8194525E-01   5.7006684E-01  -2.3814469E-02   1.1610834E-02  -3.4724811E-01   6.8381020E-01  -6.8381020E-01  -7.8355511E-01  -7.2121027E-01  -5.8718489E-01  -6.0476406E-01  -6.0217228E-01  -5.7623355E-01  -3.7324312E-01  -3.7323845E-01   3.9049916E-01   5.7167527E-01   6.3164902E-02   8.8787003E-01  -3.7453180E-01   8.1073337E-01  -4.9779586E-01   8.5839460E-01  -7.5928071E-01   1.9041740E-03  -7.8355511E-01  -7.8353477E-01   9.9130149E-01   1.0000000E+00   4.5774842E-01  -3.8139459E-01   3.4630328E-01  -4.8127391E-01  -6.0922717E-01  -5.7399375E-01  -1.0965734E-01
 -5.2470703E-01   2.1001532E-02   5.8278812E-01   5.9216104E-01  -2.0817724E-02  -6.8275219E-03   5.4276213E-01   6.7761926E-01  -6.7761926E-01  -1.7435428E-01  -4.6817777E-02   8.0494156E-02  -4.5669100E-02   8.5363051E-03   2.8741538E-02  -5.1882910E-01  -5.1882512E-01   5.2606536E-01  -3.4240402E-01   4.3375993E-01   3.9693561E-01   5.8682025E-01  -5.5305792E-02  -5.4798224E-01   4.4801540E-01  -4.5603859E-01   6.6019588E-01  -1.7435428E-01  -1.7434862E-01   3.9526684E-01   4.5774842E-01   1.0000000E+00   5.1510124E-01  -5.3174233E-01  -4.5996005E-01  -2.6615958E-02   1.2830900E-01  -1.1820745E-01
  1.6145911E-01   5.5435192E-01   7.7178220E-01   1.2562097E-01   2.5656362E-03  -1.1027665E-02   9.8999863E-01   1.1712923E-01  -1.1712923E-01   6.1297522E-01   7.1508016E-01   4.6400526E-01   3.9276463E-01   4.2617071E-01   3.7035182E-01   1.1904033E-01   1.1903674E-01  -1.5361202E-01  -9.3475866E-01   8.0673284E-02  -5.6196967E-01   7.6583086E-01  -8.0970766E-01   2.1667293E-01  -5.1489427E-01   4.8619220E-01   4.0015196E-01   6.1297522E-01   6.1297163E-01  -3.9749279E-01  -3.8139459E-01   5.1510124E-01   1.0000000E+00  -9.4711575E-01  -2.0763080E-02   4.0435928E-01   4.8694587E-01  -1.5330969E-03
 -1.7984939E-01  -4.5279114E-01  -7.3356550E-01  -1.8584049E-01   1.5048530E-03   9.3560552E-03  -9.5011285E-01  -1.9728071E-01   1.9728070E-01  -5.1852930E-01  -6.0239921E-01  -3.7934541E-01  -3.0590707E-01  -3.3999627E-01  -2.9226292E-01  -1.4008418E-01  -1.4008054E-01   1.7072410E-01   9.5924715E-01  -4.3513293E-02   5.2629088E-01  -7.2764105E-01   8.0305416E-01  -2.2928095E-01   4.8882991E-01  -4.4359303E-01  -3.7594453E-01  -5.1852930E-01  -5.1852204E-01   3.6089847E-01   3.4630328E-01  -5.3174233E-01  -9.4711575E-01   1.0000000E+00   1.2457635E-01  -3.1998192E-01  -4.0343333E-01   3.1943545E-02
  8.2844492E-02   5.1834809E-01   1.1840389E-01  -6.1847700E-01  -1.5943978E-02  -7.6103362E-02  -1.4232816E-01  -8.2580737E-01   8.2580737E-01   5.4780608E-01   4.3489619E-01   4.6836677E-01   5.7747443E-01   5.3035616E-01   5.0876046E-01   6.4713050E-02   6.4711502E-02  -8.1069622E-02  -1.0051442E-01   9.8900262E-02  -4.2924538E-01   1.1661806E-01  -3.2002275E-01   1.3632214E-01  -3.8885537E-01   3.8701363E-01   1.6861296E-03   5.4780608E-01   5.4780758E-01  -4.8435513E-01  -4.8127391E-01  -4.5996005E-01  -2.0763080E-02   1.2457635E-01   1.0000000E+00   5.3829647E-01   4.2651031E-01   3.3188479E-01
 -2.9023702E-01   9.7277777E-01   7.1778713E-01  -6.4958820E-01   1.9955548E-02  -5.0988856E-03   3.6265442E-01  -6.7674858E-01   6.7674858E-01   8.6216442E-01   8.2626819E-01   9.8885917E-01   9.9760972E-01   9.9866837E-01   9.8757195E-01  -2.8570539E-01  -2.8570352E-01   2.9285399E-01  -5.0005922E-01   5.2990220E-01  -4.9503861E-01   7.1751627E-01  -6.5462152E-01  -1.8855559E-01  -3.8274978E-01   3.4637201E-01   5.2562258E-01   8.6216442E-01   8.6216751E-01  -6.6237290E-01  -6.0922717E-01  -2.6615958E-02   4.0435928E-01  -3.1998192E-01   5.3829647E-01   1.0000000E+00   9.7534175E-01   2.1070843E-01
 -3.7471892E-01   9.6084989E-01   8.2583375E-01  -5.0861398E-01   1.7156382E-02  -5.7486360E-03   4.5299286E-01  -5.4751247E-01   5.4751247E-01   8.1882341E-01   8.0758440E-01   9.9727323E-01   9.6298774E-01   9.8360446E-01   9.8625343E-01  -3.6852276E-01  -3.6852009E-01   3.7672458E-01  -5.5527432E-01   5.9490858E-01  -4.3771323E-01   8.2616142E-01  -6.7562629E-01  -2.7676494E-01  -3.1669027E-01   2.7397961E-01   6.3470790E-01   8.1882341E-01   8.1882448E-01  -6.4193181E-01  -5.7399375E-01   1.2830900E-01   4.8694587E-01  -4.0343333E-01   4.2651031E-01   9.7534175E-01   1.0000000E+00   1.5221603E-01
 -1.6550095E-03   2.0110409E-01   4.3825510E-02  -3.1129735E-01   8.6409090E-04  -1.7263883E-03  -3.3218455E-02  -2.9145574E-01   2.9145574E-01   1.9995371E-01   1.6056542E-01   1.7419431E-01   2.3046180E-01   2.0449943E-01   1.8848145E-01   6.3617910E-03   6.3618711E-03   2.9427966E-03  -3.5755945E-02   4.1537372E-02  -1.1797064E-01   4.3571438E-02  -9.1387817E-02   2.0846674E-02  -1.0327089E-01   1.2232246E-01   7.0376225E-03   1.9995371E-01   1.9995765E-01  -1.1011102E-01  -1.0965734E-01  -1.1820745E-01  -1.5330969E-03   3.1943545E-02   3.3188479E-01   2.1070843E-01   1.5221603E-01   1.0000000E+00
