# omegabh2 omegach2 theta tau binw1 logA ns calPlanck alpha_JLA beta_JLA acib217 xi asz143 aps100 aps143 aps143217 aps217 aksz kgal100 kgal143 kgal143217 kgal217 galfEE100 galfEE100143 galfEE100217 galfEE143 galfEE143217 galfEE217 galfTE100 galfTE100143 galfTE100217 galfTE143 galfTE143217 galfTE217 cal0 cal2
  2.5027457E-08  -1.4435434E-07   2.0130924E-08   1.0320328E-06   9.5006015E-07   1.8366406E-06   3.8879572E-07   1.9646849E-08   1.5165911E-08   2.9167350E-07  -1.3838503E-04   2.9996892E-06   3.0324963E-05  -4.7019425E-04  -2.5086260E-04  -1.8075582E-05   7.8172023E-05  -4.5136950E-05   1.8516856E-06  -1.0476162E-05  -2.1782201E-05   2.7043266E-06   4.6627104E-08   4.9883778E-08  -1.9190996E-08   8.0032410E-08   9.7381523E-08   3.3479792E-07  -2.7604418E-08  -4.1562483E-08  -3.4654613E-07  -2.2464284E-07  -1.7091751E-06  -3.8097629E-06   6.5158736E-09  -1.3594241E-08
 -1.4435434E-07   2.2313220E-06  -1.7306590E-07  -1.0760767E-05  -1.2349592E-05  -1.6453336E-05  -5.4143072E-06  -1.8172800E-07  -4.0535345E-08  -2.5779130E-06   4.9958823E-04  -9.7616198E-06  -1.2664218E-04   2.4177375E-03   1.4927201E-03   5.9338805E-04   1.8334218E-04   1.1546078E-04  -2.6792398E-05   4.2570639E-05   1.8722923E-04   1.7425692E-04  -5.7350709E-07  -6.9933640E-07   4.2572227E-07  -9.9880442E-07  -1.6852191E-07  -1.7646351E-06   6.9586144E-07   5.1468784E-07   2.4241957E-06   1.8853027E-06   1.2261090E-05   2.9708048E-05  -8.4871895E-09   7.8159354E-08
  2.0130924E-08  -1.7306590E-07   1.0087068E-07   1.0995950E-06   1.3855599E-06   1.8883687E-06   5.6963879E-07   2.1595906E-08   5.8744669E-09   7.8194932E-08  -3.8686840E-05   7.4258186E-07   2.2313992E-05  -3.4726393E-04  -1.6036766E-04  -2.6025745E-05  -2.1537334E-05  -9.8446144E-06   5.8431267E-06   2.3256808E-07  -3.2581683E-06  -1.0198038E-06   6.8581074E-08   5.0573581E-08  -5.1402601E-08   7.5108807E-08   4.6253714E-11  -2.4411277E-07  -7.6440429E-08  -8.2259624E-08  -5.6683224E-07  -1.9726585E-07  -1.9430349E-06  -3.6334408E-06   1.6062802E-09  -5.9170850E-09
  1.0320328E-06  -1.0760767E-05   1.0995950E-06   2.9490394E-04   1.3146291E-04   5.6073343E-04   3.7508056E-05  -1.5375898E-06   1.7611314E-07   2.3271733E-05  -1.3907060E-02   2.7574490E-04   2.6211965E-03  -5.2502725E-02  -1.9591067E-02   1.9235019E-03   1.0919896E-02  -4.9093820E-03  -4.8170998E-04  -1.1316489E-03  -3.1448645E-03  -1.7266054E-03   2.7756072E-06   4.0243187E-06  -5.0710919E-06   5.5530208E-06  -1.7209213E-06   1.5178568E-07  -6.9420772E-06  -1.1676142E-05  -2.1662047E-05  -2.3383755E-05  -1.0127389E-04  -2.7174818E-04   1.4257953E-07  -1.7832588E-06
  9.5006015E-07  -1.2349592E-05   1.3855599E-06   1.3146291E-04   2.7850897E-03   2.3467132E-04   3.2361565E-05   1.2008353E-06  -2.7415655E-05  -4.8173962E-04   5.6518638E-03  -8.6575521E-05   8.0655237E-04  -1.4686014E-02  -1.0081553E-02  -5.9875155E-03  -1.0284368E-02  -1.5793795E-03  -7.1749033E-04  -4.8770897E-04  -1.8668381E-03  -5.4863213E-03   1.4989536E-06  -3.0545573E-08   1.9141398E-05  -1.1620687E-06   2.5651460E-05   9.5742288E-05   3.5775766E-05   1.6763998E-05  -3.7511481E-05  -2.1980371E-05  -9.1711891E-05  -3.0956144E-04   2.4617624E-07   1.0297284E-06
  1.8366406E-06  -1.6453336E-05   1.8883687E-06   5.6073343E-04   2.3467132E-04   1.1029116E-03   6.1300545E-05   8.8470913E-06   1.6969999E-07   4.4121728E-05  -2.7074327E-02   5.8147580E-04   5.0789107E-03  -9.5251144E-02  -3.4413382E-02   8.6393492E-03   2.8516576E-02  -1.0531547E-02  -1.3975760E-03  -2.5926755E-03  -5.9310878E-03  -8.6085064E-04   5.4237428E-06   6.7741300E-06  -9.9282314E-06   1.0509135E-05  -5.4534442E-06   1.8333652E-06  -8.9128432E-06  -1.9937204E-05  -3.9327528E-05  -4.1792215E-05  -1.8546230E-04  -4.7565810E-04   5.0386084E-07  -3.4524220E-06
  3.8879572E-07  -5.4143072E-06   5.6963879E-07   3.7508056E-05   3.2361565E-05   6.1300545E-05   2.2761421E-05   5.3967804E-07   2.8274082E-07   7.6323644E-06  -5.3899895E-03   1.0979916E-04   1.3094799E-03  -2.8817799E-02  -8.4051758E-03   1.5652057E-03   5.2841022E-03  -2.4841628E-03   2.9361302E-04  -3.1059361E-04  -7.1795526E-04   3.1001826E-04   2.9325967E-06   3.2497134E-06  -3.3613334E-07   4.0099959E-06   2.4454295E-06   1.5617763E-06  -2.4327703E-06  -3.5202439E-07  -3.9650268E-06  -3.4965344E-06  -2.8707728E-05  -7.6531740E-05  -1.1070724E-07  -4.8595223E-07
  1.9646849E-08  -1.8172800E-07   2.1595906E-08  -1.5375898E-06   1.2008353E-06   8.8470913E-06   5.3967804E-07   6.1561467E-06  -6.2358106E-08   2.2823741E-06   7.0040341E-04  -4.5102595E-06   2.4875698E-05   3.6145025E-03   4.1744669E-04   3.6354523E-04   1.3002352E-03  -7.6858147E-05  -6.5260391E-05   5.1585261E-05   1.9367489E-04   1.0788559E-03   8.7943172E-07   5.0711033E-07   1.8761132E-07   1.2901136E-06  -9.4863519E-08   5.2362767E-06   1.4608763E-06   8.8154043E-07  -6.3490119E-07  -9.1278843E-08  -4.3434062E-06   2.0452837E-06  -1.7153784E-09   4.7049505E-09
  1.5165911E-08  -4.0535345E-08   5.8744669E-09   1.7611314E-07  -2.7415655E-05   1.6969999E-07   2.8274082E-07  -6.2358106E-08   4.2900728E-05  -2.1874165E-05  -3.2460982E-04   7.0114774E-06   4.9885663E-05  -2.7542625E-04  -4.0235174E-04  -1.0812072E-04   1.2309079E-04  -3.7090959E-05   1.7887955E-05   1.1567215E-04   1.5523869E-04   5.8984415E-05  -7.6089828E-09  -1.4551020E-07   3.9918333E-07  -3.8690486E-08  -2.2346434E-06   9.0638983E-06   2.0787687E-06   2.3104510E-06   6.1496135E-07  -1.8631625E-06  -2.6585361E-06  -1.6126021E-05  -3.2012262E-08  -1.1039475E-07
  2.9167350E-07  -2.5779130E-06   7.8194932E-08   2.3271733E-05  -4.8173962E-04   4.4121728E-05   7.6323644E-06   2.2823741E-06  -2.1874165E-05   6.5509999E-03  -4.8593356E-03  -7.6024572E-05   6.4451339E-04  -1.4300932E-02  -9.9289486E-03  -7.2044978E-03   6.5268714E-03  -1.2854112E-03   4.4892966E-04  -1.4325105E-03   1.2893209E-03   4.2921577E-03   3.9631921E-06   3.5449219E-06   2.2152864E-05   6.8743054E-06  -1.7985647E-06   1.3141248E-05   1.0334007E-05  -3.1554842E-06  -1.0693699E-05  -6.1143671E-07   4.4900924E-05  -1.5188050E-04  -3.2342699E-07  -1.7331634E-08
 -1.3838503E-04   4.9958823E-04  -3.8686840E-05  -1.3907060E-02   5.6518638E-03  -2.7074327E-02  -5.3899895E-03   7.0040341E-04  -3.2460982E-04  -4.8593356E-03   4.3782527E+01  -5.0597645E-01  -1.8346998E+00   4.2198732E+01   3.7494943E-01  -2.1967264E+01  -6.1651419E+01   3.4266797E-01   1.0484692E-02   5.6055755E-02  -2.2222292E+00  -1.8789958E+01  -4.5321573E-04  -7.8556990E-04   2.4638808E-03  -1.1259647E-03  -2.4580229E-03   9.5235468E-03   3.4945309E-03   1.9345309E-03   5.8669467E-04  -4.6666850E-03  -2.1877156E-03   3.7073855E-03  -2.4645366E-04   4.3484605E-03
  2.9996892E-06  -9.7616198E-06   7.4258186E-07   2.7574490E-04  -8.6575521E-05   5.8147580E-04   1.0979916E-04  -4.5102595E-06   7.0114774E-06  -7.6024572E-05  -5.0597645E-01   8.1393680E-02  -6.5228089E-02  -4.6405873E-01   1.0276555E+00   1.9216379E+00   7.8038831E-01   6.8962447E-02  -2.3488908E-03   1.3049190E-02   1.1679618E-01   1.3407666E-01   1.6701278E-05   9.7357543E-06   5.5716022E-05   4.1677659E-06   3.4173705E-05  -2.7345829E-06  -7.0006569E-05  -5.6095114E-05   1.7212424E-04  -4.2855412E-05  -2.2345385E-04  -6.7926969E-04   9.2311008E-06  -1.4434612E-05
  3.0324963E-05  -1.2664218E-04   2.2313992E-05   2.6211965E-03   8.0655237E-04   5.0789107E-03   1.3094799E-03   2.4875698E-05   4.9885663E-05   6.4451339E-04  -1.8346998E+00  -6.5228089E-02   3.5879863E+00  -2.7897327E+01  -3.7459392E+00   7.6109158E+00   6.7971091E+00  -2.4896484E+00  -1.5992684E-01   3.4869878E-02   2.2693562E+00   2.1073270E+00   4.6919027E-05   2.1255030E-04  -3.2425273E-04   1.1702817E-04  -4.0759904E-04  -3.9677189E-03   2.1386952E-03  -1.8263987E-04  -3.9929450E-04  -5.8146454E-04  -4.6925645E-03  -7.2704379E-03   2.0845592E-04  -3.5559451E-04
 -4.7019425E-04   2.4177375E-03  -3.4726393E-04  -5.2502725E-02  -1.4686014E-02  -9.5251144E-02  -2.8817799E-02   3.6145025E-03  -2.7542625E-04  -1.4300932E-02   4.2198732E+01  -4.6405873E-01  -2.7897327E+01   7.4948859E+02   6.6331706E+01  -5.9044080E+01  -7.1340086E+01   1.2339525E+01  -3.8981430E+00   3.2459723E+00  -9.7660888E+00  -1.3547852E+01  -2.4571895E-03  -4.3602803E-03   1.0256688E-03  -2.8163080E-04   1.2189021E-02   7.0686816E-02  -1.3958388E-02  -1.2418819E-03  -1.4936752E-02   2.3143203E-02   2.7559326E-02   2.5301548E-02   5.7818725E-03   4.1901127E-03
 -2.5086260E-04   1.4927201E-03  -1.6036766E-04  -1.9591067E-02  -1.0081553E-02  -3.4413382E-02  -8.4051758E-03   4.1744669E-04  -4.0235174E-04  -9.9289486E-03   3.7494943E-01   1.0276555E+00  -3.7459392E+00   6.6331706E+01   6.0020616E+01   4.4227295E+01   1.6834038E+01  -4.1812201E+00  -2.3443224E-01  -9.3876974E-01   4.0269803E+00   4.1550337E+00  -7.0323654E-04  -1.4803384E-03   8.7293556E-04  -1.6495534E-03  -1.7300832E-04   1.4387426E-03   1.0084061E-03   9.9739342E-04   4.6188366E-03  -6.7517484E-04   1.0517269E-02   3.9171930E-02   6.2126882E-05   2.0507312E-04
 -1.8075582E-05   5.9338805E-04  -2.6025745E-05   1.9235019E-03  -5.9875155E-03   8.6393492E-03   1.5652057E-03   3.6354523E-04  -1.0812072E-04  -7.2044978E-03  -2.1967264E+01   1.9216379E+00   7.6109158E+00  -5.9044080E+01   4.4227295E+01   9.9207578E+01   6.6619827E+01  -1.1216327E+01  -6.5621615E-01  -2.3310283E-01   5.4464427E+00   6.4994613E+00  -1.8862212E-04   2.0604580E-05  -9.1872488E-04  -3.0106099E-04  -1.0724911E-03  -2.1389267E-02   5.6507156E-03  -9.3739867E-04   1.2431078E-02  -5.0815224E-04  -1.6374831E-03   2.4053613E-04   8.1878450E-04  -2.4548071E-03
  7.8172023E-05   1.8334218E-04  -2.1537334E-05   1.0919896E-02  -1.0284368E-02   2.8516576E-02   5.2841022E-03   1.3002352E-03   1.2309079E-04   6.5268714E-03  -6.1651419E+01   7.8038831E-01   6.7971091E+00  -7.1340086E+01   1.6834038E+01   6.6619827E+01   1.2149292E+02  -9.6596666E+00  -4.6383742E-01  -3.1194950E-01   1.6707692E-01   1.5995361E+01   2.3250782E-04   8.4872365E-04  -4.4630126E-03   1.2815585E-03   2.5335612E-03  -2.3024203E-02   7.2255421E-04   1.8583745E-04   7.5001561E-03   9.4100681E-03   1.7360495E-02   3.7590016E-02   6.9286049E-04  -7.6249729E-03
 -4.5136950E-05   1.1546078E-04  -9.8446144E-06  -4.9093820E-03  -1.5793795E-03  -1.0531547E-02  -2.4841628E-03  -7.6858147E-05  -3.7090959E-05  -1.2854112E-03   3.4266797E-01   6.8962447E-02  -2.4896484E+00   1.2339525E+01  -4.1812201E+00  -1.1216327E+01  -9.6596666E+00   5.6362872E+00   1.2329061E-01  -2.4385636E-02  -1.8826483E+00  -1.6416247E+00  -1.9770420E-04  -3.4135682E-04   9.0282512E-04  -1.3481696E-04  -1.4668084E-04   5.1210447E-03  -2.2570747E-03  -1.0318736E-03  -1.5846072E-03  -3.6319328E-04   1.3866124E-03  -6.6077804E-04  -1.5248438E-04   1.2409065E-04
  1.8516856E-06  -2.6792398E-05   5.8431267E-06  -4.8170998E-04  -7.1749033E-04  -1.3975760E-03   2.9361302E-04  -6.5260391E-05   1.7887955E-05   4.4892966E-04   1.0484692E-02  -2.3488908E-03  -1.5992684E-01  -3.8981430E+00  -2.3443224E-01  -6.5621615E-01  -4.6383742E-01   1.2329061E-01   3.4558358E+00   3.9481916E-01   1.5807790E-01   2.7356701E-01   1.0976763E-04   8.7737797E-06  -7.0367074E-05   1.7378951E-04   2.1447735E-03  -2.9671063E-03  -1.5447186E-03  -2.7722070E-05  -2.4226959E-04   7.5716150E-04  -1.3379753E-04   2.1627523E-03   2.9617328E-04   2.7108775E-05
 -1.0476162E-05   4.2570639E-05   2.3256808E-07  -1.1316489E-03  -4.8770897E-04  -2.5926755E-03  -3.1059361E-04   5.1585261E-05   1.1567215E-04  -1.4325105E-03   5.6055755E-02   1.3049190E-02   3.4869878E-02   3.2459723E+00  -9.3876974E-01  -2.3310283E-01  -3.1194950E-01  -2.4385636E-02   3.9481916E-01   3.3857375E+00   2.6879738E+00   1.9998410E+00   3.2657513E-05   6.6202795E-05   2.6832654E-04   8.9903981E-05   5.5121893E-04  -7.2457436E-04   3.7087209E-04  -2.6305510E-04  -1.6356815E-04   1.3259515E-03   1.4329175E-03   7.5107872E-03  -2.8985284E-04  -1.7444114E-04
 -2.1782201E-05   1.8722923E-04  -3.2581683E-06  -3.1448645E-03  -1.8668381E-03  -5.9310878E-03  -7.1795526E-04   1.9367489E-04   1.5523869E-04   1.2893209E-03  -2.2222292E+00   1.1679618E-01   2.2693562E+00  -9.7660888E+00   4.0269803E+00   5.4464427E+00   1.6707692E-01  -1.8826483E+00   1.5807790E-01   2.6879738E+00   1.7127024E+01   2.5924682E+01   1.9217024E-04   9.5810932E-05  -1.2480174E-04  -9.9337553E-05   1.6067548E-04   1.8033798E-03   3.4527472E-03   5.5303513E-04  -8.4865907E-03  -4.1232945E-04  -1.0707750E-02  -8.8757079E-03   1.9243955E-05   2.5471009E-03
  2.7043266E-06   1.7425692E-04  -1.0198038E-06  -1.7266054E-03  -5.4863213E-03  -8.6085064E-04   3.1001826E-04   1.0788559E-03   5.8984415E-05   4.2921577E-03  -1.8789958E+01   1.3407666E-01   2.1073270E+00  -1.3547852E+01   4.1550337E+00   6.4994613E+00   1.5995361E+01  -1.6416247E+00   2.7356701E-01   1.9998410E+00   2.5924682E+01   5.5128501E+01   3.1286545E-04   3.2662297E-04  -1.5438944E-03   4.7449544E-04   3.4978926E-05   4.2978777E-03   2.4512719E-03   2.1932079E-05  -1.1005381E-02   1.1653343E-03  -1.4549206E-02  -1.5615646E-02   9.2075440E-05   4.5855898E-03
  4.6627104E-08  -5.7350709E-07   6.8581074E-08   2.7756072E-06   1.4989536E-06   5.4237428E-06   2.9325967E-06   8.7943172E-07  -7.6089828E-09   3.9631921E-06  -4.5321573E-04   1.6701278E-05   4.6919027E-05  -2.4571895E-03  -7.0323654E-04  -1.8862212E-04   2.3250782E-04  -1.9770420E-04   1.0976763E-04   3.2657513E-05   1.9217024E-04   3.1286545E-04   3.1918121E-05   8.8624128E-06   2.5839984E-07   2.8774324E-06   2.1174323E-07  -1.4132982E-05  -1.6335443E-06  -7.4354650E-07   3.1925585E-06  -6.1936462E-07   2.7752577E-07   1.1503328E-06  -1.1453620E-08  -7.2877464E-08
  4.9883778E-08  -6.9933640E-07   5.0573581E-08   4.0243187E-06  -3.0545573E-08   6.7741300E-06   3.2497134E-06   5.0711033E-07  -1.4551020E-07   3.5449219E-06  -7.8556990E-04   9.7357543E-06   2.1255030E-04  -4.3602803E-03  -1.4803384E-03   2.0604580E-05   8.4872365E-04  -3.4135682E-04   8.7737797E-06   6.6202795E-05   9.5810932E-05   3.2662297E-04   8.8624128E-06   2.4842632E-05   1.0958851E-06   1.2371990E-05   2.2510985E-06  -3.0371705E-06  -8.6904824E-07  -3.8888752E-06   2.2837425E-06  -3.3862918E-06   1.9773895E-06   1.0790894E-06  -4.0037573E-08  -1.0128266E-07
 -1.9190996E-08   4.2572227E-07  -5.1402601E-08  -5.0710919E-06   1.9141398E-05  -9.9282314E-06  -3.3613334E-07   1.8761132E-07   3.9918333E-07   2.2152864E-05   2.4638808E-03   5.5716022E-05  -3.2425273E-04   1.0256688E-03   8.7293556E-04  -9.1872488E-04  -4.4630126E-03   9.0282512E-04  -7.0367074E-05   2.6832654E-04  -1.2480174E-04  -1.5438944E-03   2.5839984E-07   1.0958851E-06   1.0620836E-03  -2.0721259E-06   1.5873593E-05   6.7477280E-05  -1.4175997E-06  -5.7494377E-06   1.5988319E-05  -4.4204268E-06   2.5565295E-05  -4.4856883E-06  -2.3029509E-07   3.7706415E-07
  8.0032410E-08  -9.9880442E-07   7.5108807E-08   5.5530208E-06  -1.1620687E-06   1.0509135E-05   4.0099959E-06   1.2901136E-06  -3.8690486E-08   6.8743054E-06  -1.1259647E-03   4.1677659E-06   1.1702817E-04  -2.8163080E-04  -1.6495534E-03  -3.0106099E-04   1.2815585E-03  -1.3481696E-04   1.7378951E-04   8.9903981E-05  -9.9337553E-05   4.7449544E-04   2.8774324E-06   1.2371990E-05  -2.0721259E-06   4.7325750E-05   5.0611524E-06  -1.4413227E-06  -1.8268132E-06  -2.7054996E-06   2.5513359E-06  -3.3382044E-06  -9.3400584E-06  -2.2670948E-05  -5.8837900E-08  -1.3129913E-07
  9.7381523E-08  -1.6852191E-07   4.6253714E-11  -1.7209213E-06   2.5651460E-05  -5.4534442E-06   2.4454295E-06  -9.4863519E-08  -2.2346434E-06  -1.7985647E-06  -2.4580229E-03   3.4173705E-05  -4.0759904E-04   1.2189021E-02  -1.7300832E-04  -1.0724911E-03   2.5335612E-03  -1.4668084E-04   2.1447735E-03   5.5121893E-04   1.6067548E-04   3.4978926E-05   2.1174323E-07   2.2510985E-06   1.5873593E-05   5.0611524E-06   2.1320536E-03   4.6879645E-05  -8.4062121E-06   2.6743261E-06  -5.2996102E-05   8.7397069E-06  -5.4840524E-05  -1.8604083E-04   2.1482951E-07  -5.8292878E-07
  3.3479792E-07  -1.7646351E-06  -2.4411277E-07   1.5178568E-07   9.5742288E-05   1.8333652E-06   1.5617763E-06   5.2362767E-06   9.0638983E-06   1.3141248E-05   9.5235468E-03  -2.7345829E-06  -3.9677189E-03   7.0686816E-02   1.4387426E-03  -2.1389267E-02  -2.3024203E-02   5.1210447E-03  -2.9671063E-03  -7.2457436E-04   1.8033798E-03   4.2978777E-03  -1.4132982E-05  -3.0371705E-06   6.7477280E-05  -1.4413227E-06   4.6879645E-05   1.6689299E-02   3.6692428E-05  -2.5739700E-06   4.6503182E-05  -8.7647176E-05  -3.6898877E-05  -3.0571618E-04  -1.3524929E-06   2.3579839E-06
 -2.7604418E-08   6.9586144E-07  -7.6440429E-08  -6.9420772E-06   3.5775766E-05  -8.9128432E-06  -2.4327703E-06   1.4608763E-06   2.0787687E-06   1.0334007E-05   3.4945309E-03  -7.0006569E-05   2.1386952E-03  -1.3958388E-02   1.0084061E-03   5.6507156E-03   7.2255421E-04  -2.2570747E-03  -1.5447186E-03   3.7087209E-04   3.4527472E-03   2.4512719E-03  -1.6335443E-06  -8.6904824E-07  -1.4175997E-06  -1.8268132E-06  -8.4062121E-06   3.6692428E-05   1.4081758E-03   2.9651220E-04   7.9148074E-05  -3.9634759E-04  -2.4737962E-04  -2.5705837E-04  -3.0874888E-07   7.0107598E-07
 -4.1562483E-08   5.1468784E-07  -8.2259624E-08  -1.1676142E-05   1.6763998E-05  -1.9937204E-05  -3.5202439E-07   8.8154043E-07   2.3104510E-06  -3.1554842E-06   1.9345309E-03  -5.6095114E-05  -1.8263987E-04  -1.2418819E-03   9.9739342E-04  -9.3739867E-04   1.8583745E-04  -1.0318736E-03  -2.7722070E-05  -2.6305510E-04   5.5303513E-04   2.1932079E-05  -7.4354650E-07  -3.8888752E-06  -5.7494377E-06  -2.7054996E-06   2.6743261E-06  -2.5739700E-06   2.9651220E-04   8.6225320E-04   2.6042496E-05   7.4155326E-04   9.3805951E-05  -5.8704601E-04   1.3545321E-07   5.2761155E-07
 -3.4654613E-07   2.4241957E-06  -5.6683224E-07  -2.1662047E-05  -3.7511481E-05  -3.9327528E-05  -3.9650268E-06  -6.3490119E-07   6.1496135E-07  -1.0693699E-05   5.8669467E-04   1.7212424E-04  -3.9929450E-04  -1.4936752E-02   4.6188366E-03   1.2431078E-02   7.5001561E-03  -1.5846072E-03  -2.4226959E-04  -1.6356815E-04  -8.4865907E-03  -1.1005381E-02   3.1925585E-06   2.2837425E-06   1.5988319E-05   2.5513359E-06  -5.2996102E-05   4.6503182E-05   7.9148074E-05   2.6042496E-05   7.1955533E-03  -2.2697255E-04   1.9353364E-03   6.0593013E-03  -8.7795260E-07  -8.4699524E-08
 -2.2464284E-07   1.8853027E-06  -1.9726585E-07  -2.3383755E-05  -2.1980371E-05  -4.1792215E-05  -3.4965344E-06  -9.1278843E-08  -1.8631625E-06  -6.1143671E-07  -4.6666850E-03  -4.2855412E-05  -5.8146454E-04   2.3143203E-02  -6.7517484E-04  -5.0815224E-04   9.4100681E-03  -3.6319328E-04   7.5716150E-04   1.3259515E-03  -4.1232945E-04   1.1653343E-03  -6.1936462E-07  -3.3862918E-06  -4.4204268E-06  -3.3382044E-06   8.7397069E-06  -8.7647176E-05  -3.9634759E-04   7.4155326E-04  -2.2697255E-04   2.9552632E-03   1.2050641E-03   2.8058475E-05   1.2212980E-06  -5.2572048E-07
 -1.7091751E-06   1.2261090E-05  -1.9430349E-06  -1.0127389E-04  -9.1711891E-05  -1.8546230E-04  -2.8707728E-05  -4.3434062E-06  -2.6585361E-06   4.4900924E-05  -2.1877156E-03  -2.2345385E-04  -4.6925645E-03   2.7559326E-02   1.0517269E-02  -1.6374831E-03   1.7360495E-02   1.3866124E-03  -1.3379753E-04   1.4329175E-03  -1.0707750E-02  -1.4549206E-02   2.7752577E-07   1.9773895E-06   2.5565295E-05  -9.3400584E-06  -5.4840524E-05  -3.6898877E-05  -2.4737962E-04   9.3805951E-05   1.9353364E-03   1.2050641E-03   1.6191221E-02   1.9699555E-02  -7.3360280E-07  -1.6729896E-06
 -3.8097629E-06   2.9708048E-05  -3.6334408E-06  -2.7174818E-04  -3.0956144E-04  -4.7565810E-04  -7.6531740E-05   2.0452837E-06  -1.6126021E-05  -1.5188050E-04   3.7073855E-03  -6.7926969E-04  -7.2704379E-03   2.5301548E-02   3.9171930E-02   2.4053613E-04   3.7590016E-02  -6.6077804E-04   2.1627523E-03   7.5107872E-03  -8.8757079E-03  -1.5615646E-02   1.1503328E-06   1.0790894E-06  -4.4856883E-06  -2.2670948E-05  -1.8604083E-04  -3.0571618E-04  -2.5705837E-04  -5.8704601E-04   6.0593013E-03   2.8058475E-05   1.9699555E-02   8.0951724E-02  -3.1970997E-06  -2.7270556E-06
  6.5158736E-09  -8.4871895E-09   1.6062802E-09   1.4257953E-07   2.4617624E-07   5.0386084E-07  -1.1070724E-07  -1.7153784E-09  -3.2012262E-08  -3.2342699E-07  -2.4645366E-04   9.2311008E-06   2.0845592E-04   5.7818725E-03   6.2126882E-05   8.1878450E-04   6.9286049E-04  -1.5248438E-04   2.9617328E-04  -2.8985284E-04   1.9243955E-05   9.2075440E-05  -1.1453620E-08  -4.0037573E-08  -2.3029509E-07  -5.8837900E-08   2.1482951E-07  -1.3524929E-06  -3.0874888E-07   1.3545321E-07  -8.7795260E-07   1.2212980E-06  -7.3360280E-07  -3.1970997E-06   6.0216996E-07   9.5522571E-09
 -1.3594241E-08   7.8159354E-08  -5.9170850E-09  -1.7832588E-06   1.0297284E-06  -3.4524220E-06  -4.8595223E-07   4.7049505E-09  -1.1039475E-07  -1.7331634E-08   4.3484605E-03  -1.4434612E-05  -3.5559451E-04   4.1901127E-03   2.0507312E-04  -2.4548071E-03  -7.6249729E-03   1.2409065E-04   2.7108775E-05  -1.7444114E-04   2.5471009E-03   4.5855898E-03  -7.2877464E-08  -1.0128266E-07   3.7706415E-07  -1.3129913E-07  -5.8292878E-07   2.3579839E-06   7.0107598E-07   5.2761155E-07  -8.4699524E-08  -5.2572048E-07  -1.6729896E-06  -2.7270556E-06   9.5522571E-09   2.0922436E-06
