# omegabh2 omegach2 theta binw1 alpha_JLA beta_JLA
  6.8233367E-04  -3.2809680E-04  -1.2436367E-03  -5.1002428E-04   2.2932338E-06   9.6643579E-06
 -3.2809680E-04   4.8990844E-03   6.2517528E-03  -7.8523312E-03   8.1130663E-06  -4.0197624E-05
 -1.2436367E-03   6.2517528E-03   1.3912925E-02  -1.1995431E-03   5.0611643E-07  -1.9736556E-04
 -5.1002428E-04  -7.8523312E-03  -1.1995431E-03   3.7215747E-02  -5.2826294E-05  -3.5350956E-04
  2.2932338E-06   8.1130663E-06   5.0611643E-07  -5.2826294E-05   4.3430244E-05  -3.8824124E-05
  9.6643579E-06  -4.0197624E-05  -1.9736556E-04  -3.5350956E-04  -3.8824124E-05   6.3180313E-03
